1 0.9785714285714285 0.44166666666666665 0.04285714285714286 0.15
1 0.5190476190476191 0.525 0.22857142857142856 0.20833333333333334
1 0.21666666666666667 0.5375 0.21428571428571427 0.13333333333333333
1 0.7309523809523809 0.5583333333333333 0.14761904761904762 0.18333333333333332
1 0.8166666666666667 0.6229166666666667 0.36666666666666664 0.37916666666666665
1 0.9214285714285714 0.675 0.15714285714285714 0.20833333333333334
1 0.18095238095238095 0.68125 0.17142857142857143 0.19583333333333333
1 0.7952380952380952 0.6979166666666666 0.1523809523809524 0.17083333333333334
1 0.5666666666666667 0.78125 0.2571428571428571 0.2708333333333333
1 0.34523809523809523 0.7833333333333333 0.2714285714285714 0.325
1 0.1761904761904762 0.86875 0.2857142857142857 0.22083333333333333
1 0.1261904761904762 0.8729166666666667 0.14761904761904762 0.1375
1 0.8095238095238095 0.13125 0.1523809523809524 0.0875
1 0.5976190476190476 0.13333333333333333 0.1 0.08333333333333333
1 0.6333333333333333 0.13541666666666666 0.6 0.17916666666666667
1 0.6523809523809524 0.2 0.13333333333333333 0.10833333333333334
1 0.45476190476190476 0.20416666666666666 0.11904761904761904 0.075
1 0.5880952380952381 0.24166666666666667 0.08095238095238096 0.075
0 0.6476190476190476 0.35 0.5904761904761905 0.225
0 0.6547619047619048 0.38508333333333333 0.6333333333333333 0.30833333333333335