1 0.5506117908787542 0.5232018561484919 0.08008898776418243 0.058004640371229696
1 0.6051167964404894 0.527262180974478 0.36262513904338156 0.1357308584686775
1 0.6023359288097887 0.5284222737819025 0.06562847608453838 0.08932714617169374
1 0.47052280311457173 0.5481438515081206 0.05784204671857619 0.07540603248259861
1 0.7130144605116796 0.558584686774942 0.12903225806451613 0.18445475638051045
0 0.6140155728587319 0.6989559164733179 0.3047830923248053 0.20069605568445475
0 0.6078976640711902 0.7581206496519721 0.3503893214682981 0.3375870069605568
1 0.7697441601779755 0.8660092807424594 0.12680756395995552 0.1148491879350348
1 0.3481646273637375 0.8764501160092807 0.18242491657397109 0.12877030162412992
1 0.6184649610678532 0.8764501160092807 0.14015572858731926 0.14269141531322505
1 0.18687430478309233 0.8834106728538283 0.12680756395995552 0.12877030162412992
1 0.15628476084538376 0.8921113689095128 0.13459399332591768 0.14153132250580047
1 0.15350389321468297 0.91415313225058 0.0778642936596218 0.09280742459396751