1 0.5333333333333333 0.5952380952380952 0.04666666666666667 0.10714285714285714
1 0.57 0.6130952380952381 0.23333333333333334 0.23809523809523808
1 0.48333333333333334 0.6160714285714286 0.06 0.13690476190476192
1 0.5983333333333334 0.6339285714285714 0.06333333333333334 0.125
1 0.36 0.14583333333333334 0.04 0.041666666666666664
1 0.3616666666666667 0.18452380952380953 0.14333333333333334 0.16666666666666666
1 0.345 0.19642857142857142 0.056666666666666664 0.11904761904761904
1 0.38166666666666665 0.20535714285714285 0.08333333333333333 0.1130952380952381
0 0.4533333333333333 0.33035714285714285 0.04 0.25595238095238093
1 0.49 0.3541666666666667 0.05333333333333334 0.1130952380952381
0 0.36833333333333335 0.37202380952380953 0.17 0.20833333333333334
1 0.27666666666666667 0.41369047619047616 0.04666666666666667 0.13690476190476192
1 0.28833333333333333 0.5416666666666666 0.06333333333333334 0.09523809523809523
1 0.30333333333333334 0.5803571428571429 0.06 0.08928571428571429