0 0.3355 0.3335832083958021 0.093 0.1424287856071964
1 0.0745 0.3575712143928036 0.139 0.19640179910044978
1 0.2075 0.383808095952024 0.177 0.13793103448275862
1 0.7375 0.431784107946027 0.325 0.27886056971514245
1 0.502 0.4340329835082459 0.228 0.23238380809595202
1 0.0265 0.46551724137931033 0.053 0.10344827586206896
1 0.315 0.4737631184407796 0.16 0.12593703148425786
0 0.1535 0.5112443778110944 0.189 0.11694152923538231
1 0.0465 0.6049475262368815 0.079 0.0944527736131934
1 0.773 0.6146926536731634 0.296 0.12893553223388307
0 0.3335 0.7278860569715142 0.145 0.3733133433283358
1 0.17 0.7503748125937032 0.188 0.3793103448275862
0 0.4925 0.7758620689655172 0.247 0.4482758620689655
0 0.788 0.8335832083958021 0.318 0.3328335832083958
1 0.237 0.9160419790104948 0.37 0.1619190404797601