1 0.33411580594679186 0.2733812949640288 0.09546165884194054 0.12949640287769784
1 0.17136150234741784 0.30935251798561153 0.09859154929577464 0.07673860911270983
1 0.9029733959311425 0.42326139088729015 0.19405320813771518 0.26618705035971224
1 0.9507042253521126 0.4556354916067146 0.0892018779342723 0.14388489208633093
1 0.672926447574335 0.4784172661870504 0.11267605633802817 0.1510791366906475
1 0.29107981220657275 0.4904076738609113 0.1564945226917058 0.17985611510791366
1 0.543035993740219 0.539568345323741 0.15023474178403756 0.0815347721822542
1 0.5 0.5623501199040767 1 0.8752997601918465
1 0.8153364632237872 0.5779376498800959 0.053208137715179966 0.0671462829736211
1 0.12519561815336464 0.5983213429256595 0.17214397496087636 0.21342925659472423
1 0.7034428794992176 0.6774580335731415 0.1267605633802817 0.11270983213429256
1 0.9139280125195618 0.6954436450839329 0.07198748043818466 0.11031175059952038
1 0.19718309859154928 0.7026378896882494 0.3536776212832551 0.5707434052757794
1 0.9514866979655712 0.7925659472422062 0.09702660406885759 0.2038369304556355
1 0.8427230046948356 0.8525179856115108 0.19561815336463223 0.19904076738609114
1 0.44835680751173707 0.8597122302158273 0.2676056338028169 0.07913669064748201
1 0.22300469483568075 0.9052757793764988 0.06103286384976526 0.08393285371702638
1 0.8286384976525821 0.17026378896882494 0.09233176838810642 0.07673860911270983
1 0.5743348982785602 0.1750599520383693 0.053208137715179966 0.07194244604316546
1 0.4303599374021909 0.1906474820143885 0.081377151799687 0.07434052757793765
1 0.568075117370892 0.19544364508393286 0.1189358372456964 0.11270983213429256
1 0.9624413145539906 0.2038369304556355 0.06885758998435054 0.08633093525179857
1 0.48278560250391234 0.22422062350119903 0.09546165884194054 0.09832134292565947