1 0.8422222222222222 0.5911111111111111 0.2 0.1688888888888889
1 0.5811555555555555 0.6088888888888889 0.8 0.35555555555555557
1 0.35777777777777775 0.6133333333333333 0.22666666666666666 0.27555555555555555
1 0.6266666666666667 0.6177777777777778 0.24888888888888888 0.29333333333333333
1 0.52 0.66 0.11555555555555555 0.19111111111111112
1 0.5444444444444444 0.16 0.4311111111111111 0.12444444444444444
1 0.42 0.1688888888888889 0.1288888888888889 0.10666666666666667
1 0.52 0.18444444444444444 0.1511111111111111 0.1288888888888889
0 0.5822222222222222 0.3022222222222222 0.4177777777777778 0.14222222222222222
0 0.5644444444444444 0.3711111111111111 0.43555555555555553 0.30666666666666664
1 0.5333333333333333 0.4288888888888889 0.19555555555555557 0.15555555555555556