1 0.08360128617363344 0.8148148148148148 0.1607717041800643 0.24691358024691357
1 0.3102893890675241 0.8364197530864198 0.2797427652733119 0.3271604938271605
1 0.5836012861736335 0.8549382716049383 0.2347266881028939 0.29012345679012347
1 0.7845659163987139 0.8549382716049383 0.1414790996784566 0.2654320987654321
1 0.4790996784565916 0.8611111111111112 0.5209003215434084 0.2777777777777778
1 0.8794212218649518 0.18518518518518517 0.24115755627009647 0.2222222222222222
1 0.5964630225080386 0.2006172839506173 0.31189710610932475 0.2037037037037037
1 0.2861736334405145 0.2191358024691358 0.2765273311897106 0.17901234567901234
1 0.07395498392282958 0.2345679012345679 0.14790996784565916 0.1728395061728395
0 0.07556270096463022 0.5030864197530864 0.15112540192926044 0.3271604938271605
0 0.2765273311897106 0.5030864197530864 0.2508038585209003 0.3395061728395062
0 0.5707395498392283 0.5092592592592593 0.3054662379421222 0.4012345679012346
0 0.8697749196141479 0.5092592592592593 0.2604501607717042 0.41358024691358025