1 0.2175 0.2688888888888889 0.17166666666666666 0.10222222222222223
1 0.06916666666666667 0.2877777777777778 0.13166666666666665 0.1
0 0.23333333333333334 0.32666666666666666 0.16666666666666666 0.26666666666666666
0 0.0725 0.3277777777777778 0.125 0.2288888888888889
0 0.42833333333333334 0.3411111111111111 0.21333333333333335 0.30444444444444446
1 0.43833333333333335 0.38 0.24 0.28888888888888886
0 0.23166666666666666 0.4011111111111111 0.18 0.14444444444444443
0 0.07 0.4022222222222222 0.13 0.1111111111111111
1 0.19166666666666668 0.5988888888888889 0.38 0.2733333333333333
1 0.5 0.6455555555555555 0.43 0.4111111111111111
1 0.7833333333333333 0.6644444444444444 0.43333333333333335 0.5911111111111111