1 0.27636363636363637 0.5546448087431693 0.2109090909090909 0.09289617486338798
1 0.6727272727272727 0.5765027322404371 0.10181818181818182 0.16939890710382513
1 0.8163636363636364 0.6120218579234973 0.04 0.1092896174863388
1 0.7563636363636363 0.6202185792349727 0.10909090909090909 0.14754098360655737
1 0.20545454545454545 0.6557377049180327 0.20727272727272728 0.17486338797814208
1 0.44 0.674863387978142 0.09454545454545454 0.11475409836065574
1 0.54 0.6967213114754098 0.07636363636363637 0.1366120218579235
1 0.8 0.7076502732240437 0.16727272727272727 0.1366120218579235
1 0.6454545454545455 0.7540983606557377 0.09818181818181818 0.15300546448087432
1 0.5254545454545455 0.8060109289617486 0.23636363636363636 0.1366120218579235
1 0.7545454545454545 0.1557377049180328 0.06181818181818182 0.14754098360655737
1 0.6781818181818182 0.21584699453551912 0.3018181818181818 0.1912568306010929
1 0.64 0.22950819672131148 0.08727272727272728 0.07650273224043716
1 0.7854545454545454 0.27595628415300544 0.08727272727272728 0.08196721311475409
1 0.5490909090909091 0.3005464480874317 0.11636363636363636 0.12021857923497267
1 0.72 0.30601092896174864 0.03636363636363636 0.16393442622950818
0 0.7 0.43989071038251365 0.2581818181818182 0.21311475409836064
1 0.5072727272727273 0.4672131147540984 0.12 0.14754098360655737