1 0.5270833333333333 0.19260204081632654 0.050833333333333335 0.04336734693877551
1 0.45 0.22193877551020408 0.07166666666666667 0.09438775510204081
1 0.3625 0.22895408163265307 0.105 0.11607142857142858
1 0.7225 0.22895408163265307 0.08 0.10331632653061225
1 0.6704166666666667 0.2315051020408163 0.15583333333333332 0.1568877551020408
1 0.2825 0.24170918367346939 0.09166666666666666 0.1211734693877551
1 0.5216666666666666 0.24426020408163265 0.06166666666666667 0.042091836734693876
1 0.5083333333333333 0.25956632653061223 0.565 0.22066326530612246
1 0.5679166666666666 0.2697704081632653 0.0625 0.09566326530612244
1 0.7283333333333334 0.3112244897959184 0.07166666666666667 0.09948979591836735
1 0.6125 0.3137755102040816 0.11 0.08418367346938775
0 0.37833333333333335 0.5057397959183674 0.15333333333333332 0.35586734693877553
0 0.5266666666666666 0.5191326530612245 0.13166666666666665 0.33163265306122447
0 0.6883333333333334 0.5369897959183674 0.15333333333333332 0.35459183673469385
1 0.22458333333333333 0.6415816326530612 0.11083333333333334 0.18877551020408162
1 0.50625 0.6594387755102041 0.09416666666666666 0.11479591836734694
1 0.3441666666666667 0.6670918367346939 0.06833333333333333 0.10459183673469388
1 0.41583333333333333 0.6741071428571429 0.06333333333333334 0.1364795918367347
1 0.09708333333333333 0.6823979591836735 0.0825 0.08418367346938775
1 0.35125 0.7315051020408163 0.1575 0.21301020408163265
1 0.20666666666666667 0.7378826530612245 0.11833333333333333 0.13137755102040816
1 0.2945833333333333 0.7512755102040817 0.060833333333333336 0.07397959183673469
1 0.36916666666666664 0.7570153061224489 0.07166666666666667 0.05994897959183673
1 0.41791666666666666 0.7920918367346939 0.07416666666666667 0.09183673469387756
1 0.30291666666666667 0.857780612244898 0.1175 0.09566326530612244
1 0.72875 0.8622448979591837 0.0475 0.13010204081632654