1 0.474 0.3708708708708709 0.092 0.03903903903903904
1 0.518 0.39039039039039036 0.092 0.042042042042042045
1 0.398 0.3963963963963964 0.052 0.036036036036036036
1 0.48 0.4099099099099099 0.112 0.1111111111111111
1 0.598 0.43243243243243246 0.156 0.08408408408408409
1 0.588 0.45795795795795796 0.072 0.03903903903903904
1 0.508 0.4594594594594595 0.352 0.2222222222222222
1 0.378 0.47297297297297297 0.124 0.10510510510510511
1 0.514 0.515015015015015 0.092 0.06906906906906907
1 0.622 0.5345345345345346 0.092 0.0960960960960961
0 0.494 0.6006006006006006 0.228 0.23423423423423423
1 0.332 0.6111111111111112 0.064 0.04504504504504504
1 0.326 0.6681681681681682 0.116 0.17117117117117117
1 0.346 0.6756756756756757 0.068 0.09009009009009009
1 0.688 0.6771771771771772 0.16 0.07507507507507508
1 0.726 0.7027027027027027 0.148 0.1021021021021021
1 0.126 0.7072072072072072 0.076 0.05105105105105105
1 0.59 0.7477477477477478 0.14 0.04804804804804805
1 0.414 0.7522522522522522 0.092 0.05105105105105105
1 0.72 0.7552552552552553 0.056 0.06306306306306306
1 0.512 0.8198198198198198 0.168 0.04804804804804805
1 0.868 0.8228228228228228 0.104 0.09009009009009009
1 0.128 0.8273273273273273 0.12 0.08108108108108109