1 0.5876974231088944 0.23373983739837398 0.06650041562759768 0.17073170731707318
1 0.39027431421446385 0.25101626016260165 0.06234413965087282 0.08739837398373984
1 0.7834580216126351 0.3363821138211382 0.14546965918536992 0.11585365853658537
1 0.2111388196176226 0.3516260162601626 0.4089775561097257 0.43902439024390244
1 0.051537822111388194 0.366869918699187 0.10307564422277639 0.3150406504065041
1 0.7664172901080631 0.3932926829268293 0.4488778054862843 0.6117886178861789
1 0.9310058187863675 0.4380081300813008 0.13798836242726517 0.30691056910569103
1 0.42186201163757275 0.46646341463414637 0.13216957605985039 0.22154471544715448
1 0.42061512884455526 0.47865853658536583 0.15295095594347466 0.2459349593495935
1 0.827930174563591 0.4949186991869919 0.10972568578553615 0.13617886178861788
1 0.13258520365752285 0.5396341463414634 0.13383208645054032 0.19715447154471544
1 0.6729010806317539 0.6504065040650406 0.08728179551122195 0.21544715447154472
1 0.5507065669160432 0.6880081300813008 0.12053200332502079 0.41260162601626016
1 0.05361596009975062 0.7063008130081301 0.10723192019950124 0.32723577235772355
1 0.20490440565253532 0.7439024390243902 0.17040731504571904 0.21544715447154472
1 0.24355777223607647 0.8810975609756098 0.16791354945968412 0.23780487804878048
1 0.5939318370739817 0.12296747967479675 0.11055694098088113 0.1565040650406504
1 0.32959268495428096 0.17886178861788618 0.0656691604322527 0.13414634146341464
1 0.18744804655029093 0.18597560975609756 0.09393183707398171 0.22967479674796748