1 0.5951156812339332 0.5064102564102564 0.09511568123393316 0.07435897435897436
1 0.3676092544987147 0.5897435897435898 0.09254498714652956 0.05641025641025641
1 0.15809768637532134 0.591025641025641 0.08997429305912596 0.05384615384615385
1 0.3508997429305913 0.6 0.2750642673521851 0.10256410256410256
1 0.11182519280205655 0.6012820512820513 0.20822622107969152 0.07948717948717948
1 0.45115681233933164 0.6051282051282051 0.06426735218508997 0.08717948717948718
1 0.09383033419023136 0.6064102564102564 0.06940874035989718 0.04358974358974359
1 0.037275064267352186 0.6153846153846154 0.05398457583547558 0.08205128205128205
1 0.2814910025706941 0.6256410256410256 0.06940874035989718 0.05641025641025641
0 0.12210796915167095 0.6576923076923077 0.14652956298200515 0.0641025641025641
0 0.34061696658097684 0.676923076923077 0.2647814910025707 0.05641025641025641
0 0.2879177377892031 0.6833333333333333 0.17480719794344474 0.0641025641025641
1 0.31233933161953725 0.7551282051282051 0.05398457583547558 0.05384615384615385
1 0.6555269922879178 0.7769230769230769 0.03598971722365039 0.06153846153846154
1 0.9331619537275064 0.7897435897435897 0.07197943444730077 0.07179487179487179
1 0.8084832904884319 0.823076923076923 0.05912596401028278 0.09743589743589744
1 0.5514138817480719 0.8397435897435898 0.07969151670951156 0.06923076923076923
1 0.2930591259640103 0.8435897435897436 0.09254498714652956 0.07692307692307693
1 0.8110539845758354 0.8435897435897436 0.13624678663239073 0.08205128205128205
1 0.05784061696658098 0.85 0.11568123393316196 0.3
1 0.42159383033419023 0.8769230769230769 0.5655526992287918 0.24615384615384617
1 0.8663239074550129 0.9128205128205128 0.08740359897172237 0.020512820512820513
1 0.4241645244215938 0.9435897435897436 0.13881748071979436 0.09230769230769231
1 0.6696658097686375 0.9461538461538461 0.17223650385604114 0.046153846153846156
1 0.2326478149100257 0.9564102564102565 0.18766066838046272 0.041025641025641026