1 0.19875 0.4642857142857143 0.0225 0.03571428571428571
1 0.23 0.46875 0.18 0.10714285714285714
1 0.26625 0.4732142857142857 0.0325 0.03571428571428571
1 0.41875 0.48660714285714285 0.0375 0.03571428571428571
1 0.27375 0.4955357142857143 0.0475 0.07142857142857142
1 0.52375 0.5 0.2625 0.11607142857142858
1 0.23875 0.5 0.0425 0.044642857142857144
1 0.5025 0.5044642857142857 0.03 0.026785714285714284
1 0.43625 0.5245535714285714 0.0675 0.049107142857142856
1 0.525 0.5290178571428571 0.055 0.04017857142857143
1 0.58875 0.5334821428571429 0.0375 0.06696428571428571
1 0.5375 0.5401785714285714 0.055 0.044642857142857144
1 0.61625 0.5558035714285714 0.0425 0.04017857142857143
1 0.83375 0.5602678571428571 0.0475 0.04017857142857143
1 0.21625 0.5602678571428571 0.0325 0.03125
1 0.22875 0.6450892857142857 0.0425 0.05803571428571429
1 0.265 0.6741071428571429 0.115 0.05357142857142857