1 0.8076923076923077 0.6071428571428571 0.1505016722408027 0.47619047619047616
1 0.9464882943143813 0.6071428571428571 0.10702341137123746 0.27380952380952384
1 0.7357859531772575 0.7053571428571429 0.2140468227424749 0.2916666666666667
1 0.28762541806020064 0.7380952380952381 0.12040133779264214 0.4880952380952381
1 0.3979933110367893 0.7589285714285714 0.3612040133779264 0.4107142857142857
1 0.5334448160535117 0.7708333333333334 0.1705685618729097 0.39880952380952384
1 0.12876254180602006 0.8601190476190477 0.23745819397993312 0.27976190476190477
1 0.5484949832775919 0.25 0.12709030100334448 0.11904761904761904
1 0.7926421404682275 0.25892857142857145 0.12040133779264214 0.1130952380952381
1 0.3177257525083612 0.29464285714285715 0.2140468227424749 0.13690476190476192
0 0.774247491638796 0.2976190476190476 0.2508361204013378 0.2857142857142857
0 0.540133779264214 0.3601190476190476 0.23076923076923078 0.3869047619047619
0 0.3193979933110368 0.4791666666666667 0.23076923076923078 0.23214285714285715