1 0.79 0.2524875621890547 0.068 0.07213930348258707
0 0.6253333333333333 0.26990049751243783 0.088 0.21144278606965175
1 0.342 0.291044776119403 0.06 0.13432835820895522
1 0.7306666666666667 0.31716417910447764 0.037333333333333336 0.05223880597014925
1 0.035333333333333335 0.3420398009950249 0.07066666666666667 0.2064676616915423
0 0.51684 0.3732089552238806 0.168 0.35074626865671643
1 0.9766666666666667 0.3917910447761194 0.04133333333333333 0.06716417910447761
1 0.8986666666666666 0.4216417910447761 0.128 0.13681592039800994
1 0.6186666666666667 0.43532338308457713 0.06666666666666667 0.08955223880597014
1 0.83 0.4539800995024876 0.11866666666666667 0.20149253731343283
1 0.5686666666666667 0.4689054726368159 0.068 0.07711442786069651
0 0.23666666666666666 0.5062189054726368 0.42 0.5
1 0.5693333333333334 0.5111940298507462 0.128 0.09203980099502487
1 0.7553333333333333 0.5447761194029851 0.076 0.15920398009950248
1 0.648 0.5671641791044776 0.104 0.11442786069651742
1 0.5973333333333334 0.05721393034825871 0.07466666666666667 0.09950248756218906
1 0.5686666666666667 0.6057213930348259 0.14 0.16169154228855723
1 0.021333333333333333 0.6281094527363185 0.042666666666666665 0.17661691542288557
1 0.4653333333333333 0.6567164179104478 0.12 0.15422885572139303
1 0.10066666666666667 0.7052238805970149 0.116 0.21641791044776118
1 0.36133333333333334 0.7139303482587065 0.128 0.07960199004975124
1 0.7006666666666667 0.7151741293532339 0.11333333333333333 0.16169154228855723
1 0.6006666666666667 0.08208955223880597 0.18 0.16417910447761194
1 0.7193333333333334 0.08208955223880597 0.044 0.0845771144278607
1 0.58 0.835820895522388 0.24533333333333332 0.3283582089552239
1 0.208 0.8445273631840796 0.17066666666666666 0.17661691542288557
1 0.35933333333333334 0.8445273631840796 0.19866666666666666 0.31094527363184077
1 0.21 0.9527363184079602 0.22 0.0945273631840796
1 0.47 0.1256218905472637 0.204 0.21641791044776118
1 0.598 0.13432835820895522 0.05466666666666667 0.07462686567164178
1 0.218 0.15049751243781095 0.18266666666666667 0.1865671641791045
1 0.42733333333333334 0.16044776119402984 0.12133333333333333 0.2064676616915423
1 0.8133333333333334 0.16666666666666666 0.04533333333333334 0.04975124378109453
1 0.212 0.18034825870646767 0.37866666666666665 0.26119402985074625
1 0.7566666666666667 0.1853233830845771 0.05733333333333333 0.08706467661691543
0 0.682 0.21019900497512436 0.03333333333333333 0.14676616915422885
1 0.15866666666666668 0.21144278606965175 0.12533333333333332 0.15920398009950248
1 0.894 0.24502487562189054 0.05466666666666667 0.07213930348258707