1 0.508 0.2986666666666667 0.08 0.11733333333333333
1 0.633 0.30933333333333335 0.13 0.11733333333333333
1 0.399 0.316 0.122 0.07733333333333334
1 0.58868 0.44450666666666666 0.084 0.07466666666666667
1 0.537 0.5266666666666666 0.098 0.088
1 0.468 0.5826666666666667 0.352 0.8346666666666667
1 0.952 0.7026666666666667 0.096 0.12533333333333332
1 0.589 0.7546666666666667 0.122 0.192
1 0.182 0.7826666666666666 0.112 0.07733333333333334
1 0.782 0.856 0.164 0.19733333333333333
1 0.506 0.86 0.18 0.22666666666666666
1 0.079 0.8693333333333333 0.158 0.13866666666666666
1 0.346 0.19866666666666666 0.076 0.056