1 0.2611111111111111 0.2851851851851852 0.06944444444444445 0.10123456790123457
1 0.3902777777777778 0.291358024691358 0.03611111111111111 0.07901234567901234
1 0.4215277777777778 0.291358024691358 0.02361111111111111 0.08395061728395062
1 0.5173611111111112 0.30246913580246915 0.0625 0.06666666666666667
1 0.5541666666666667 0.3135802469135803 0.175 0.09876543209876543
1 0.30416666666666664 0.3172839506172839 0.17222222222222222 0.1111111111111111
1 0.4888888888888889 0.3234567901234568 0.05555555555555555 0.06419753086419754
1 0.5618055555555556 0.3308641975308642 0.0625 0.05925925925925926
1 0.6173611111111111 0.3333333333333333 0.05138888888888889 0.06419753086419754
1 0.5104166666666666 0.3790123456790123 0.03194444444444444 0.07654320987654321
0 0.3034722222222222 0.49506172839506174 0.19583333333333333 0.2740740740740741
1 0.4409722222222222 0.5024691358024691 0.04861111111111111 0.1259259259259259
0 0.55 0.5049382716049383 0.18055555555555555 0.28888888888888886
1 0.13958333333333334 0.5358024691358024 0.1486111111111111 0.345679012345679
1 0.09861111111111111 0.5876543209876544 0.06388888888888888 0.11358024691358025
1 0.6986111111111111 0.6074074074074074 0.12777777777777777 0.2074074074074074
1 0.70625 0.6407407407407407 0.0875 0.13580246913580246
1 0.33194444444444443 0.6604938271604939 0.1638888888888889 0.1308641975308642
1 0.3125 0.6888888888888889 0.08333333333333333 0.08888888888888889
1 0.5020833333333333 0.2419753086419753 0.029166666666666667 0.05432098765432099