1 0.41 0.47246376811594204 0.124 0.11014492753623188
1 0.907 0.4797101449275362 0.118 0.18840579710144928
1 0.719 0.4855072463768116 0.302 0.3565217391304348
1 0.27 0.5057971014492754 0.076 0.08985507246376812
1 0.76 0.5101449275362319 0.192 0.2898550724637681
1 0.344 0.5565217391304348 0.064 0.07536231884057971
1 0.414 0.5695652173913044 0.084 0.05507246376811594
1 0.753 0.5710144927536231 0.126 0.11014492753623188
1 0.585 0.6275362318840579 0.126 0.06086956521739131
1 0.609 0.8434782608695652 0.21 0.11014492753623188
1 0.088 0.28405797101449276 0.104 0.08695652173913043