1 0.3233333333333333 0.226875 0.10444444444444445 0.05375
1 0.49 0.2325 0.08222222222222222 0.0425
1 0.20666666666666667 0.238125 0.11555555555555555 0.05875
1 0.41555555555555557 0.241875 0.48 0.09125
1 0.5444444444444444 0.2425 0.09777777777777778 0.0225
1 0.38333333333333336 0.253125 0.09111111111111111 0.04625
1 0.49777777777777776 0.27125 0.1688888888888889 0.045
1 0.24666666666666667 0.29875 0.11555555555555555 0.0325
0 0.47 0.391875 0.3977777777777778 0.19875
1 0.7366666666666667 0.4675 0.2288888888888889 0.0925
1 0.1388888888888889 0.488125 0.20666666666666667 0.10375
1 0.3088888888888889 0.50125 0.18666666666666668 0.1175
1 0.8666666666666667 0.535 0.24888888888888888 0.0925
1 0.47888888888888886 0.54625 0.20222222222222222 0.1075