1 0.4806949806949807 0.05412371134020619 0.07335907335907337 0.06701030927835051
1 0.3532818532818533 0.5360824742268041 0.11969111969111969 0.1958762886597938
1 0.22393822393822393 0.5824742268041238 0.09266409266409266 0.18556701030927836
1 0.2335907335907336 0.5850515463917526 0.1583011583011583 0.2422680412371134
1 0.17567567567567569 0.5902061855670103 0.11196911196911197 0.0979381443298969
1 0.7548262548262549 0.595360824742268 0.25096525096525096 0.31443298969072164
1 0.4343629343629344 0.6649484536082474 0.09652509652509653 0.1958762886597938
1 0.5714285714285714 0.6675257731958762 0.16988416988416988 0.22164948453608246
1 0.30115830115830117 0.7010309278350515 0.18532818532818532 0.12371134020618557
1 0.8532818532818532 0.7422680412371134 0.29343629343629346 0.3917525773195876
1 0.35714285714285715 0.09020618556701031 0.0888030888030888 0.05670103092783505
1 0.584942084942085 0.13659793814432988 0.1274131274131274 0.22164948453608246
0 0.46525096525096526 0.2422680412371134 0.3745173745173745 0.30927835051546393
0 0.4691119691119691 0.24742268041237114 0.38223938223938225 0.4948453608247423
1 0.640926640926641 0.40463917525773196 0.15444015444015444 0.14948453608247422
1 0.26833976833976836 0.4381443298969072 0.08108108108108109 0.15463917525773196
1 0.15057915057915058 0.47164948453608246 0.07722007722007722 0.08762886597938144
1 0.5019305019305019 0.5051546391752577 0.138996138996139 0.1958762886597938