1 0.16494845360824742 0.8323699421965318 0.27491408934707906 0.3352601156069364
1 0.5309278350515464 0.846820809248555 0.29896907216494845 0.3063583815028902
1 0.7285223367697594 0.0953757225433526 0.06872852233676977 0.1329479768786127
1 0.8161512027491409 0.13005780346820808 0.09278350515463918 0.12138728323699421
1 0.7233676975945017 0.14739884393063585 0.27835051546391754 0.2138728323699422
1 0.30584192439862545 0.2254335260115607 0.12371134020618557 0.11560693641618497
1 0.2027491408934708 0.23410404624277456 0.061855670103092786 0.08670520231213873
1 0.2422680412371134 0.2398843930635838 0.27835051546391754 0.10982658959537572
0 0.5034364261168385 0.44508670520231214 0.16838487972508592 0.4624277456647399
0 0.7268041237113402 0.5 0.32646048109965636 0.5606936416184971
0 0.23539518900343642 0.5144508670520231 0.3470790378006873 0.5780346820809249