1 0.5816666666666667 0.5952380952380952 0.07666666666666666 0.05952380952380952
1 0.17333333333333334 0.6755952380952381 0.09333333333333334 0.05357142857142857
1 0.8016666666666666 0.6845238095238095 0.07666666666666666 0.047619047619047616
1 0.7033333333333334 0.7529761904761905 0.08 0.08928571428571429
1 0.22833333333333333 0.7529761904761905 0.07666666666666666 0.13690476190476192
1 0.8566666666666667 0.8363095238095238 0.03333333333333333 0.06547619047619048
1 0.3516666666666667 0.9315476190476191 0.07666666666666666 0.05357142857142857
1 0.4666666666666667 0.9523809523809523 0.08 0.07142857142857142
1 0.22333333333333333 0.49702380952380953 0.03333333333333333 0.05357142857142857
1 0.37833333333333335 0.5148809523809523 0.056666666666666664 0.02976190476190476
1 0.665 0.5178571428571429 0.056666666666666664 0.08333333333333333