1 0.24814814814814815 0.4909847434119279 0.1685185185185185 0.1608876560332871
1 0.7824074074074074 0.5062413314840499 0.04814814814814815 0.05825242718446602
1 0.17407407407407408 0.5166435506241331 0.12777777777777777 0.11234396671289876
1 0.4462962962962963 0.5284327323162274 0.06111111111111111 0.12205270457697642
1 0.3731481481481482 0.5436893203883495 0.06666666666666667 0.0970873786407767
1 0.5546296296296296 0.5450762829403606 0.05 0.07766990291262135
1 0.4861111111111111 0.5714285714285714 0.07962962962962963 0.10263522884882108
1 0.2777777777777778 0.5762829403606102 0.06296296296296296 0.12066574202496533
1 0.5902777777777778 0.7122052704576977 0.12129629629629629 0.08737864077669903
1 0.41064814814814815 0.7246879334257975 0.13425925925925927 0.1955617198335645
1 0.3236111111111111 0.7947295423023578 0.12685185185185185 0.13314840499306518
1 0.5962962962962963 0.8023578363384188 0.17962962962962964 0.09292649098474341
1 0.10601851851851851 0.8453536754507628 0.14907407407407408 0.1650485436893204
1 0.3990740740740741 0.9077669902912622 0.12407407407407407 0.11789181692094314