1 0.5784641068447413 0.22922848664688428 0.07846410684474124 0.08160237388724036
1 0.6732053422370617 0.2811572700296736 0.05759599332220367 0.07270029673590504
1 0.5237896494156928 0.28338278931750743 0.10601001669449082 0.10682492581602374
1 0.6352253756260434 0.2997032640949555 0.06844741235392321 0.04154302670623145
1 0.4607679465776294 0.314540059347181 0.05509181969949917 0.14540059347181009
0 0.034641068447412354 0.3212166172106825 0.0642737896494157 0.14688427299703263
0 0.5717863105175293 0.47032640949554894 0.31552587646076796 0.31750741839762614
1 0.7758764607679466 0.5853115727002968 0.08430717863105175 0.08160237388724036
1 0.7591819699499165 0.6045994065281899 0.12771285475792987 0.13501483679525222
1 0.31302170283806346 0.6261127596439169 0.0651085141903172 0.0771513353115727
1 0.38731218697829717 0.6275964391691394 0.08848080133555926 0.0830860534124629
1 0.4862270450751252 0.6454005934718101 0.040901502504173626 0.06824925816023739
1 0.6268781302170284 0.6461424332344213 0.05843071786310518 0.13501483679525222
1 0.6765442404006677 0.6713649851632048 0.05425709515859766 0.15875370919881307
1 0.5208681135225376 0.672106824925816 0.04674457429048414 0.13056379821958458
1 0.4691151919866444 0.6913946587537092 0.09015025041736227 0.11869436201780416
1 0.9636894824707847 0.6958456973293768 0.06093489148580968 0.050445103857566766
1 0.3952420701168614 0.7077151335311572 0.0659432387312187 0.13649851632047477
1 0.26335559265442404 0.7181008902077152 0.06093489148580968 0.09198813056379822
1 0.09181969949916527 0.7418397626112759 0.12020033388981637 0.06824925816023739
1 0.23080133555926544 0.7566765578635015 0.0325542570951586 0.03857566765578635
1 0.16193656093489148 0.7596439169139466 0.025041736227045076 0.04451038575667656