1 0.33164943609022557 0.3608757062146893 0.03265977443609023 0.028954802259887006
1 0.2613956766917293 0.3954802259887006 0.047227443609022556 0.0557909604519774
1 0.315437030075188 0.4235522598870056 0.023731203007518797 0.016596045197740113
1 0.6139567669172933 0.4473870056497175 0.06156015037593985 0.05367231638418079
1 0.16764567669172933 0.4597457627118644 0.052396616541353386 0.057203389830508475
1 0.33705357142857145 0.4853460451977401 0.0293703007518797 0.06603107344632768
1 0.3392857142857143 0.4887005649717514 0.03618421052631579 0.03389830508474576
1 0.6564849624060151 0.4934675141242938 0.1137218045112782 0.14583333333333334
1 0.43103853383458646 0.5058262711864406 0.06696428571428571 0.09286723163841808
1 0.6872650375939849 0.5104166666666666 0.048402255639097745 0.06673728813559322
1 0.6563674812030075 0.5123587570621468 0.03125 0.03177966101694915
1 0.09551221804511278 0.5506709039548022 0.044407894736842105 0.048375706214689264
1 0.37699718045112784 0.584569209039548 0.05286654135338346 0.05967514124293785
1 0.8745300751879699 0.601518361581921 0.07988721804511278 0.037076271186440676
1 0.21534304511278196 0.606638418079096 0.10549812030075188 0.029661016949152543
1 0.6480263157894737 0.6092867231638418 0.06860902255639098 0.08086158192090395
1 0.3325892857142857 0.6345338983050848 0.2507048872180451 0.4343220338983051
1 0.22544642857142858 0.6717867231638418 0.25493421052631576 0.4120762711864407
1 0.6893796992481203 0.6875 0.06672932330827068 0.08545197740112995
1 0.3792293233082707 0.7251059322033898 0.0625 0.04060734463276836
1 0.962171052631579 0.7286370056497176 0.0718984962406015 0.10769774011299435
1 0.7942904135338346 0.7358757062146892 0.048637218045112784 0.0903954802259887
1 0.8298872180451128 0.7561793785310734 0.34022556390977443 0.4021892655367232
1 0.8907424812030075 0.7805437853107344 0.10761278195488722 0.1338276836158192
1 0.30721334586466165 0.7877824858757062 0.049577067669172935 0.06002824858757062
1 0.7562265037593985 0.8190324858757062 0.07589285714285714 0.07662429378531073
1 0.3470394736842105 0.8799435028248588 0.046992481203007516 0.031073446327683617
1 0.15225563909774437 0.8905367231638418 0.13204887218045114 0.08898305084745763
1 0.9349154135338346 0.895656779661017 0.09539473684210527 0.045550847457627115
1 0.23507988721804512 0.3329802259887006 0.05098684210526316 0.022598870056497175
1 0.2932330827067669 0.3386299435028249 0.047462406015037595 0.03389830508474576