1 0.480078125 0.4575 0.04765625 0.04
1 0.45859375 0.488125 0.175 0.04625
1 0.425390625 0.491875 0.04296875 0.05875
1 0.46640625 0.565 0.0421875 0.12
1 0.50625 0.57125 0.046875 0.125
1 0.418359375 0.576875 0.04765625 0.12625
0 0.4578125 0.58625 0.1640625 0.155
1 0.6453125 0.640625 0.0578125 0.08375
1 0.62890625 0.650625 0.0953125 0.08875
1 0.57578125 0.660625 0.0640625 0.08625
1 0.461328125 0.6625 0.04609375 0.0525
1 0.7796875 0.665 0.0453125 0.12
1 0.531640625 0.691875 0.05234375 0.07125
1 0.437109375 0.700625 0.04765625 0.05375
1 0.60859375 0.70375 0.0546875 0.065
1 0.723046875 0.72125 0.05703125 0.125
1 0.21875 0.75125 0.071875 0.09
1 0.540625 0.760625 0.0640625 0.08625
1 0.369921875 0.76875 0.06171875 0.075
1 0.362109375 0.773125 0.08359375 0.10125
1 0.651953125 0.779375 0.05859375 0.09125
1 0.81953125 0.79 0.1125 0.1075
1 0.718359375 0.833125 0.05078125 0.07625
1 0.145703125 0.835 0.08046875 0.17
1 0.072265625 0.8375 0.05546875 0.075
1 0.022265625 0.848125 0.04453125 0.05125
1 0.66328125 0.848125 0.0828125 0.06625
1 0.60234375 0.86125 0.084375 0.11
1 0.290234375 0.87875 0.10859375 0.105
1 0.423046875 0.8825 0.07109375 0.11
1 0.51171875 0.89 0.0734375 0.05
1 0.03671875 0.930625 0.0265625 0.01875