1 0.5694980694980695 0.538659793814433 0.04247104247104247 0.06701030927835051
0 0.4768339768339768 0.5747422680412371 0.0888030888030888 0.19072164948453607
1 0.4092664092664093 0.6030927835051546 0.03088803088803089 0.041237113402061855
1 0.7432432432432432 0.6030927835051546 0.05019305019305019 0.07216494845360824
1 0.5135135135135135 0.6443298969072165 0.04633204633204633 0.061855670103092786
1 0.8359073359073359 0.6469072164948454 0.03474903474903475 0.06701030927835051
1 0.61003861003861 0.6494845360824743 0.18532818532818532 0.21649484536082475
1 0.30115830115830117 0.6520618556701031 0.0694980694980695 0.0979381443298969
1 0.9613899613899614 0.6623711340206185 0.023166023166023165 0.03608247422680412
1 0.025096525096525095 0.6726804123711341 0.05019305019305019 0.07731958762886598
1 0.37065637065637064 0.6881443298969072 0.07722007722007722 0.06701030927835051
1 0.803088803088803 0.6932989690721649 0.10038610038610038 0.08762886597938144
1 0.9266409266409267 0.711340206185567 0.04633204633204633 0.05154639175257732
1 0.5038610038610039 0.7268041237113402 0.1274131274131274 0.07216494845360824
1 0.3436293436293436 0.729381443298969 0.05405405405405406 0.05670103092783505
1 0.6023166023166023 0.7319587628865979 0.0694980694980695 0.09278350515463918
1 0.749034749034749 0.7680412371134021 0.10810810810810811 0.09278350515463918
1 0.8166023166023166 0.7860824742268041 0.03474903474903475 0.05670103092783505
1 0.14864864864864866 0.8402061855670103 0.09652509652509653 0.07216494845360824
1 0.0694980694980695 0.904639175257732 0.138996138996139 0.10824742268041238
1 0.7837837837837838 0.9484536082474226 0.0694980694980695 0.08247422680412371