1 0.64501953125 0.4804913294797688 0.0693359375 0.09393063583815028
1 0.29638671875 0.7044797687861272 0.0615234375 0.05346820809248555
0 0.6240234375 0.7124277456647399 0.0859375 0.3930635838150289
1 0.3515625 0.7138728323699421 0.08203125 0.1069364161849711
1 0.4892578125 0.7182080924855492 0.09765625 0.09826589595375723
1 0.36767578125 0.7723988439306358 0.0537109375 0.024566473988439308
1 0.564453125 0.8085260115606936 0.05078125 0.08526011560693642
1 0.396484375 0.8273121387283237 0.03515625 0.06502890173410404
1 0.47412109375 0.8316473988439307 0.0341796875 0.06791907514450866
1 0.49658203125 0.8713872832369942 0.1806640625 0.21965317919075145
1 0.46630859375 0.8786127167630058 0.0615234375 0.10115606936416185
1 0.73974609375 0.8880057803468208 0.1376953125 0.20953757225433525
1 0.71923828125 0.898121387283237 0.0478515625 0.07369942196531792
1 0.54736328125 0.9342485549132948 0.1455078125 0.06791907514450866
1 0.64990234375 0.9530346820809249 0.0458984375 0.05635838150289017