1 0.4465277777777778 0.2139874739039666 0.08472222222222223 0.07724425887265135
1 0.7638888888888888 0.23173277661795408 0.06388888888888888 0.10855949895615867
1 0.04375 0.2409185803757829 0.0875 0.14613778705636743
1 0.6076388888888888 0.24112734864300625 0.04583333333333333 0.060542797494780795
1 0.17569444444444443 0.2453027139874739 0.1597222222222222 0.08559498956158663
1 0.3298611111111111 0.25260960334029225 0.12916666666666668 0.12108559498956159
1 0.7305555555555555 0.2536534446764092 0.06111111111111111 0.03549060542797495
1 0.6402777777777777 0.2599164926931106 0.030555555555555555 0.05636743215031315
1 0.6722222222222223 0.267223382045929 0.06111111111111111 0.05845511482254697
1 0.4284722222222222 0.26826722338204595 0.07916666666666666 0.07306889352818371
1 0.5708333333333333 0.27035490605427975 0.041666666666666664 0.05219206680584551
1 0.03888888888888889 0.27139874739039666 0.07777777777777778 0.10020876826722339
1 0.4930555555555556 0.27244258872651356 0.07777777777777778 0.060542797494780795
0 0.7513888888888889 0.44780793319415446 0.08611111111111111 0.302713987473904
0 0.6291666666666667 0.5041753653444676 0.175 0.38204592901878914
1 0.70625 0.5260960334029228 0.0375 0.07933194154488518
1 0.8270833333333333 0.5365344467640919 0.06805555555555555 0.14613778705636743
1 0.7430555555555556 0.5855949895615866 0.06388888888888888 0.081419624217119
1 0.7895833333333333 0.627348643006263 0.059722222222222225 0.11899791231732777
0 0.3173611111111111 0.6356993736951984 0.4597222222222222 0.6868475991649269
1 0.7298611111111111 0.6377870563674322 0.09861111111111111 0.1022964509394572
1 0.9069444444444444 0.639874739039666 0.10277777777777777 0.15657620041753653
0 0.08263888888888889 0.6649269311064718 0.1597222222222222 0.6701461377870563
1 0.8513888888888889 0.6680584551148225 0.04722222222222222 0.08768267223382047
1 0.6805555555555556 0.7129436325678496 0.07222222222222222 0.03966597077244259
1 0.9451388888888889 0.7306889352818372 0.10694444444444444 0.10020876826722339
1 0.7215277777777778 0.8183716075156576 0.1625 0.14613778705636743
1 0.6680555555555555 0.8319415448851775 0.075 0.18997912317327767
1 0.3307361111111111 0.12371607515657619 0.15138888888888888 0.1315240083507307
1 0.16875 0.12421711899791232 0.0763888888888889 0.10647181628392484
1 0.5298611111111111 0.12630480167014613 0.09583333333333334 0.11064718162839249
1 0.5763888888888888 0.1649269311064718 0.075 0.0709812108559499
1 0.2361111111111111 0.1722338204592902 0.14444444444444443 0.09812108559498957
1 0.6854166666666667 0.18580375782881003 0.1125 0.06263048016701461
1 0.5006944444444444 0.20668058455114824 0.07916666666666666 0.07933194154488518