1 0.7006944444444444 0.3511166253101737 0.11527777777777778 0.1662531017369727
1 0.3680555555555556 0.3598014888337469 0.19722222222222222 0.1141439205955335
1 0.19930555555555557 0.36228287841191065 0.12638888888888888 0.09925558312655088
1 0.6423611111111112 0.36600496277915634 0.32916666666666666 0.12655086848635236
0 0.1597222222222222 0.48883374689826303 0.08333333333333333 0.18858560794044665
0 0.24513888888888888 0.5099255583126551 0.10972222222222222 0.19106699751861042
0 0.36041666666666666 0.5173697270471465 0.12083333333333333 0.19602977667493796
0 0.5020833333333333 0.5459057071960298 0.15138888888888888 0.22332506203473945
1 0.13680555555555557 0.5508684863523573 0.07083333333333333 0.14392059553349876
0 0.6770833333333334 0.5521091811414393 0.18472222222222223 0.22580645161290322
1 0.7930555555555555 0.5632754342431762 0.05277777777777778 0.11910669975186104
1 0.28055555555555556 0.674937965260546 0.15555555555555556 0.1935483870967742
1 0.4284722222222222 0.7196029776674938 0.12361111111111112 0.21339950372208435
1 0.6756944444444445 0.7369727047146402 0.1125 0.11910669975186104
1 0.8194444444444444 0.7568238213399504 0.15555555555555556 0.17866004962779156