1 0.21673254281949933 0.5284360189573459 0.03293807641633729 0.05687203791469194
1 0.17786561264822134 0.5497630331753555 0.2845849802371542 0.12796208530805686
1 0.4426877470355731 0.5509478672985783 0.028985507246376812 0.030805687203791468
1 0.1429512516469038 0.566350710900474 0.0461133069828722 0.06635071090047394
1 0.3458498023715415 0.5722748815165877 0.4782608695652174 0.12085308056872038
1 0.4077733860342556 0.5829383886255924 0.2516469038208169 0.1848341232227488
1 0.06851119894598155 0.5853080568720379 0.034255599472990776 0.037914691943127965
1 0.23451910408432147 0.5864928909952607 0.034255599472990776 0.054502369668246446
1 0.5395256916996047 0.6030805687203792 0.04084321475625823 0.035545023696682464
1 0.7239789196310935 0.6682464454976303 0.05138339920948617 0.05687203791469194
1 0.15480895915678525 0.6753554502369669 0.061923583662714096 0.05687203791469194
1 0.41106719367588934 0.716824644549763 0.08695652173913043 0.12559241706161137
1 0.6225296442687747 0.7464454976303317 0.09090909090909091 0.11848341232227488
1 0.5645586297760211 0.75 0.2463768115942029 0.20616113744075829
1 0.9446640316205533 0.7511848341232228 0.034255599472990776 0.0947867298578199
1 0.8636363636363636 0.7784360189573459 0.2015810276679842 0.16824644549763032
1 0.45454545454545453 0.7902843601895735 0.3451910408432148 0.4194312796208531
1 0.6870882740447958 0.8056872037914692 0.42555994729907776 0.38388625592417064
1 0.48155467720685113 0.9063981042654028 0.06455862977602109 0.0924170616113744