1 0.13127413127413126 0.6056701030927835 0.1776061776061776 0.12886597938144329
1 0.2471042471042471 0.6262886597938144 0.22393822393822393 0.23195876288659795
1 0.8803088803088803 0.6314432989690721 0.23938223938223938 0.28350515463917525
1 0.5424710424710425 0.654639175257732 0.41312741312741313 0.36082474226804123
1 0.17953667953667954 0.8479381443298969 0.2972972972972973 0.23195876288659795
1 0.8532818532818532 0.30927835051546393 0.16216216216216217 0.07216494845360824
1 0.6525096525096525 0.3118556701030928 0.14671814671814673 0.07731958762886598
1 0.4671814671814672 0.327319587628866 0.16216216216216217 0.07731958762886598
0 0.8455598455598455 0.36082474226804123 0.1776061776061776 0.2268041237113402
0 0.4671814671814672 0.36855670103092786 0.19305019305019305 0.2422680412371134
0 0.6583011583011583 0.37371134020618557 0.16602316602316602 0.25257731958762886
0 0.8455598455598455 0.4175257731958763 0.1776061776061776 0.12371134020618557
0 0.47104247104247104 0.4252577319587629 0.16216216216216217 0.14948453608247422
0 0.6544401544401545 0.42783505154639173 0.16602316602316602 0.14432989690721648