1 0.23202614379084968 0.6333333333333333 0.13725490196078433 0.22424242424242424
1 0.4444444444444444 0.7484848484848485 0.5098039215686274 0.3696969696969697
1 0.5996732026143791 0.7787878787878788 0.13398692810457516 0.22424242424242424
1 0.434640522875817 0.7848484848484848 0.1503267973856209 0.15151515151515152
1 0.29248366013071897 0.8272727272727273 0.15359477124183007 0.22424242424242424
1 0.25163398692810457 0.16363636363636364 0.1111111111111111 0.10909090909090909
1 0.32189542483660133 0.16666666666666666 0.3366013071895425 0.23636363636363636
1 0.3660130718954248 0.1787878787878788 0.09803921568627451 0.11515151515151516
1 0.6176470588235294 0.22424242424242424 0.23529411764705882 0.1696969696969697
1 0.6013071895424836 0.23333333333333334 0.11764705882352941 0.09090909090909091
1 0.20751633986928106 0.44545454545454544 0.08169934640522876 0.16363636363636364
0 0.31699346405228757 0.4818181818181818 0.29411764705882354 0.45454545454545453
0 0.6111111111111112 0.5060606060606061 0.2679738562091503 0.44242424242424244