1 0.5417322834645669 0.3640776699029126 0.11653543307086614 0.17475728155339806
1 0.7488188976377953 0.36650485436893204 0.13070866141732285 0.18446601941747573
1 0.6165354330708661 0.39805825242718446 0.1968503937007874 0.2087378640776699
1 0.34566929133858265 0.4016990291262136 0.13700787401574804 0.1820388349514563
1 0.6826771653543308 0.433252427184466 0.10866141732283464 0.16262135922330098
1 0.33700787401574805 0.47572815533980584 0.1763779527559055 0.1553398058252427
1 0.1732283464566929 0.5497572815533981 0.23937007874015748 0.0703883495145631
1 0.6275590551181103 0.5861650485436893 0.11811023622047244 0.16262135922330098
1 0.3795275590551181 0.6207038834951456 0.1858267716535433 0.15048543689320387
1 0.6708661417322834 0.6638349514563107 0.12598425196850394 0.18689320388349515
1 0.17480314960629922 0.7087378640776699 0.12913385826771653 0.16019417475728157
1 0.49291338582677163 0.8118932038834952 0.1795275590551181 0.279126213592233
1 0.7417322834645669 0.8434466019417476 0.13858267716535433 0.3131067961165049
1 0.11968503937007874 0.8725728155339806 0.1763779527559055 0.25485436893203883
1 0.9409448818897638 0.8932038834951457 0.11811023622047244 0.21359223300970873
1 0.9236220472440945 0.9029126213592233 0.15275590551181104 0.1941747572815534
1 0.4409448818897638 0.9223300970873787 0.23307086614173228 0.1553398058252427