0 0.2838709677419355 0.4726666666666667 0.24838709677419354 0.37222222222222223
0 0.5830645161290322 0.4791666666666667 0.317741935483871 0.4083333333333333
0 0.0814516129032258 0.48333333333333334 0.15645161290322582 0.37777777777777777
0 0.8814516129032258 0.49166666666666664 0.23709677419354838 0.42777777777777776
1 0.04516129032258064 0.6597222222222222 0.06774193548387097 0.1638888888888889
1 0.5709677419354838 0.6694444444444444 0.1032258064516129 0.07777777777777778
1 0.18548387096774194 0.7 0.0967741935483871 0.13333333333333333
1 0.4056451612903226 0.7416666666666667 0.08225806451612903 0.16111111111111112
1 0.807258064516129 0.7833333333333333 0.1403225806451613 0.13333333333333333
1 0.5 0.7930555555555555 1 0.41388888888888886
1 0.10403225806451613 0.7944444444444444 0.1338709677419355 0.11666666666666667
1 0.5491935483870968 0.8347222222222223 0.10483870967741936 0.11944444444444445
1 0.27338709677419354 0.8375 0.1338709677419355 0.21944444444444444
1 0.7790322580645161 0.8986111111111111 0.2129032258064516 0.20277777777777778
1 0.4620967741935484 0.9152777777777777 0.11129032258064517 0.16944444444444445
1 0.5233870967741936 0.1111111111111111 0.12419354838709677 0.1388888888888889
1 0.7935483870967742 0.11527777777777778 0.1 0.1361111111111111
1 0.34838709677419355 0.12916666666666668 0.11612903225806452 0.14722222222222223
1 0.9169354838709678 0.13472222222222222 0.11774193548387096 0.15833333333333333
1 0.5 0.14583333333333334 1 0.28055555555555556
1 0.6758064516129032 0.15416666666666667 0.07096774193548387 0.09166666666666666
1 0.2403225806451613 0.18888888888888888 0.08064516129032258 0.15
1 0.09274193548387097 0.19444444444444445 0.10483870967741936 0.1111111111111111
1 0.7540322580645161 0.20972222222222223 0.13064516129032258 0.125
1 0.22822580645161292 0.2125 0.07903225806451612 0.06388888888888888