0 0.26833976833976836 0.5644329896907216 0.07335907335907337 0.05670103092783505
0 0.33783783783783783 0.5695876288659794 0.06563706563706563 0.05670103092783505
1 0.5791505791505791 0.5824742268041238 0.07722007722007722 0.07216494845360824
0 0.416988416988417 0.5850515463917526 0.04633204633204633 0.05670103092783505
1 0.46525096525096526 0.654639175257732 0.11196911196911197 0.05154639175257732
1 0.7239382239382239 0.654639175257732 0.03474903474903475 0.05154639175257732
1 0.49034749034749037 0.6572164948453608 0.05405405405405406 0.04639175257731959
1 0.6177606177606177 0.6572164948453608 0.06177606177606178 0.06701030927835051
1 0.611969111969112 0.6597938144329897 0.42084942084942084 0.09278350515463918
1 0.29922779922779924 0.6701030927835051 0.02702702702702703 0.05154639175257732
1 0.14864864864864866 0.6829896907216495 0.06563706563706563 0.08762886597938144
1 0.22007722007722008 0.6855670103092784 0.023166023166023165 0.020618556701030927
1 0.31467181467181465 0.7010309278350515 0.11969111969111969 0.10309278350515463