1 0.2565359477124183 0.6666666666666666 0.11437908496732026 0.19393939393939394
1 0.36437908496732024 0.693939393939394 0.07516339869281045 0.18787878787878787
1 0.4852941176470588 0.7090909090909091 0.13398692810457516 0.37575757575757573
1 0.6879084967320261 0.7696969696969697 0.07516339869281045 0.1696969696969697
1 0.4738562091503268 0.8333333333333334 0.33986928104575165 0.23636363636363636
1 0.28104575163398693 0.8727272727272727 0.19607843137254902 0.2545454545454545
1 0.23529411764705882 0.15757575757575756 0.0915032679738562 0.09696969696969697
1 0.31699346405228757 0.19393939393939394 0.29411764705882354 0.20606060606060606
1 0.42810457516339867 0.20909090909090908 0.06535947712418301 0.09090909090909091
1 0.5996732026143791 0.21212121212121213 0.24509803921568626 0.15757575757575756
1 0.5555555555555556 0.23333333333333334 0.0784313725490196 0.10303030303030303
0 0.31699346405228757 0.49393939393939396 0.3006535947712418 0.45454545454545453
0 0.6062091503267973 0.5151515151515151 0.25163398692810457 0.4484848484848485
1 0.2147058823529412 0.5757575757575758 0.07516339869281045 0.3878787878787879