1 0.6792307692307692 0.37916666666666665 0.11538461538461539 0.05277777777777778
0 0.6892307692307692 0.4847222222222222 0.1753846153846154 0.3472222222222222
0 0.48307692307692307 0.5138888888888888 0.17846153846153845 0.23333333333333334
1 0.7676923076923077 0.6361111111111111 0.15384615384615385 0.06666666666666667
1 0.3453846153846154 0.6638888888888889 0.06615384615384616 0.1111111111111111
1 0.8730769230769231 0.6986111111111111 0.06615384615384616 0.075
1 0.5269230769230769 0.7027777777777777 0.3 0.1388888888888889
1 0.2592307692307692 0.7125 0.07230769230769231 0.10833333333333334
1 0.7884615384615384 0.75 0.06 0.08888888888888889
1 0.30153846153846153 0.7625 0.07076923076923076 0.10277777777777777
1 0.9607692307692308 0.7736111111111111 0.06615384615384616 0.06944444444444445
1 0.16846153846153847 0.7791666666666667 0.1 0.1527777777777778
1 0.46384615384615385 0.8055555555555556 0.15846153846153846 0.1388888888888889
1 0.36 0.8986111111111111 0.10153846153846154 0.13055555555555556