1 0.2763671875 0.2097053726169844 0.25 0.39168110918544197
0 0.47900390625 0.22357019064124783 0.1376953125 0.44020797227036396
1 0.1181640625 0.39081455805892545 0.10546875 0.10571923743500866
1 0.396484375 0.462738301559792 0.15234375 0.2045060658578856
1 0.705078125 0.5953206239168111 0.15234375 0.341421143847487
1 0.36962890625 0.669844020797227 0.4228515625 0.5979202772963604
1 0.3232421875 0.6767764298093587 0.18359375 0.31369150779896016
1 0.623046875 0.7019064124783362 0.201171875 0.2668977469670711
1 0.32763671875 0.830155979202773 0.2861328125 0.1975736568457539
1 0.45556640625 0.8318890814558059 0.0986328125 0.2668977469670711
1 0.30908203125 0.9367417677642981 0.2333984375 0.1265164644714038