1 0.730909090909091 0.6010928961748634 0.07272727272727272 0.2185792349726776
0 0.3181818181818182 0.6202185792349727 0.4618181818181818 0.6939890710382514
1 0.8163636363636364 0.6530054644808743 0.09818181818181818 0.11475409836065574
1 0.9363636363636364 0.726775956284153 0.11272727272727273 0.14207650273224043
1 0.3381818181818182 0.13934426229508196 0.13818181818181818 0.16939890710382513
1 0.5145454545454545 0.14754098360655737 0.06909090909090909 0.1092896174863388
1 0.5763636363636364 0.1721311475409836 0.08363636363636363 0.1366120218579235
1 0.3109090909090909 0.1721311475409836 0.41818181818181815 0.2786885245901639
1 0.7327272727272728 0.1912568306010929 0.15636363636363637 0.19672131147540983
1 0.5745454545454546 0.19398907103825136 0.18181818181818182 0.22404371584699453
1 0.19636363636363635 0.20491803278688525 0.18181818181818182 0.21311475409836064
1 0.7127272727272728 0.226775956284153 0.13818181818181818 0.12568306010928962
1 0.44181818181818183 0.23497267759562843 0.14909090909090908 0.14207650273224043
1 0.3381818181818182 0.24316939890710382 0.10181818181818182 0.1366120218579235
1 0.6018181818181818 0.2786885245901639 0.12 0.04371584699453552
0 0.7763636363636364 0.4371584699453552 0.12 0.28415300546448086
0 0.6236363636363637 0.5245901639344263 0.1709090909090909 0.44808743169398907
1 0.8272727272727273 0.5437158469945356 0.06181818181818182 0.12568306010928962