1 0.6911111111111111 0.5200892857142857 0.04888888888888889 0.049107142857142856
1 0.2577777777777778 0.71875 0.06222222222222222 0.0625
1 0.07777777777777778 0.7455357142857143 0.06666666666666667 0.07142857142857142
1 0.1688888888888889 0.7455357142857143 0.10666666666666667 0.0625
1 0.72 0.10044642857142858 0.05333333333333334 0.05803571428571429
1 0.2511111111111111 0.14955357142857142 0.08444444444444445 0.049107142857142856
0 0.24444444444444444 0.18080357142857142 0.1511111111111111 0.05803571428571429
1 0.7488888888888889 0.1875 0.08444444444444445 0.08928571428571429
1 0.6777777777777778 0.22321428571428573 0.08444444444444445 0.08035714285714286
1 0.4088888888888889 0.25223214285714285 0.08 0.17410714285714285
1 0.16444444444444445 0.2924107142857143 0.3288888888888889 0.10267857142857142
1 0.13777777777777778 0.30357142857142855 0.2222222222222222 0.16964285714285715