1 0.37109375 0.3072916666666667 0.0734375 0.09791666666666667
1 0.40750000000000003 0.3110416666666667 0.20625 0.13541666666666666
1 0.6046875 0.34375 0.090625 0.075
1 0.4578125 0.34791666666666665 0.071875 0.04583333333333333
1 0.32578125 0.35208333333333336 0.0515625 0.041666666666666664
1 0.6921875 0.42291666666666666 0.096875 0.11666666666666667
1 0.57421875 0.43645833333333334 0.0828125 0.06875
1 0.665625 0.45208333333333334 0.115625 0.10833333333333334
0 0.62109375 0.571875 0.1953125 0.34791666666666665
0 0.41171875 0.578125 0.1921875 0.41041666666666665
1 0.52421875 0.6989583333333333 0.0578125 0.15208333333333332
1 0.60703125 0.7260416666666667 0.1015625 0.14375
1 0.89375 0.7270833333333333 0.053125 0.20833333333333334
1 0.9265625 0.8833333333333333 0.084375 0.13333333333333333