1 0.02033132530120482 0.3206214689265537 0.03162650602409638 0.07062146892655367
1 0.5286144578313253 0.3954802259887006 0.1355421686746988 0.10734463276836158
1 0.37123493975903615 0.5155367231638418 0.11295180722891567 0.17796610169491525
1 0.1822289156626506 0.05790960451977401 0.08132530120481928 0.059322033898305086
1 0.2552710843373494 0.6016949152542372 0.2213855421686747 0.22598870056497175
1 0.5180722891566265 0.6059322033898306 0.1355421686746988 0.17796610169491525
1 0.43448795180722893 0.6878531073446328 0.11897590361445783 0.18361581920903955
1 0.2733433734939759 0.711864406779661 0.18825301204819278 0.07909604519774012
1 0.3546686746987952 0.7288135593220338 0.45933734939759036 0.5423728813559322
1 0.29518072289156627 0.8135593220338984 0.2710843373493976 0.12429378531073447
1 0.8215361445783133 0.0903954802259887 0.07078313253012049 0.022598870056497175
1 0.34563253012048195 0.9081920903954802 0.125 0.12146892655367232
1 0.8697289156626506 0.16242937853107345 0.0858433734939759 0.11016949152542373
1 0.6980421686746988 0.16666666666666666 0.0858433734939759 0.07909604519774012
1 0.37349397590361444 0.2019774011299435 0.04819277108433735 0.05367231638418079