1 0.44333333333333336 0.435 0.065 0.06
1 0.38416666666666666 0.44125 0.06666666666666667 0.0525
1 0.39958333333333335 0.458125 0.2325 0.10375
1 0.49291666666666667 0.4625 0.0625 0.035
1 0.3525 0.489375 0.065 0.06125
1 0.40708333333333335 0.49 0.059166666666666666 0.0325
1 0.4529166666666667 0.493125 0.0225 0.03125
1 0.3045833333333333 0.501875 0.0325 0.03125
0 0.49083333333333334 0.578125 0.06666666666666667 0.13625
0 0.4970833333333333 0.598125 0.07916666666666666 0.19875
0 0.3570833333333333 0.60625 0.19583333333333333 0.1575
0 0.35541666666666666 0.644375 0.21583333333333332 0.24125
1 0.32166666666666666 0.685625 0.09 0.09125
1 0.24583333333333332 0.76625 0.08 0.115
1 0.5879166666666666 0.768125 0.23583333333333334 0.23125
1 0.35208333333333336 0.774375 0.06916666666666667 0.07375
1 0.19041666666666668 0.811875 0.05416666666666667 0.09875
1 0.6108333333333333 0.825 0.3416666666666667 0.26
1 0.73125 0.836875 0.0975 0.17375
1 0.6204166666666666 0.83875 0.0975 0.115
1 0.3129166666666667 0.85375 0.11416666666666667 0.1675
1 0.4529166666666667 0.86375 0.07083333333333333 0.1775
1 0.135 0.874375 0.041666666666666664 0.06875
1 0.23625 0.879375 0.09416666666666666 0.14625
1 0.33875 0.879375 0.25916666666666666 0.22125
1 0.405 0.890625 0.08 0.06875
1 0.5679166666666666 0.914375 0.049166666666666664 0.03375
1 0.40958333333333335 0.96375 0.0425 0.07