1 0.690625 0.38788659793814434 0.203125 0.06958762886597938
1 0.36484375 0.4175257731958763 0.0921875 0.14432989690721648
1 0.446875 0.4368556701030928 0.06875 0.07989690721649484
1 0.40546875 0.44587628865979384 0.0359375 0.06701030927835051
1 0.48828125 0.4639175257731959 0.0265625 0.05154639175257732
1 0.3125 0.4806701030927835 0.021875 0.03865979381443299
0 0.39765625 0.5309278350515464 0.2171875 0.5257731958762887
0 0.6765625 0.586340206185567 0.23125 0.3015463917525773
1 0.58046875 0.6211340206185567 0.0421875 0.05154639175257732
1 0.528125 0.6494845360824743 0.084375 0.041237113402061855
1 0.609375 0.6520618556701031 0.05625 0.08247422680412371
1 0.97421875 0.6842783505154639 0.0484375 0.07474226804123711
1 0.96796875 0.6855670103092784 0.0640625 0.08762886597938144
1 0.778125 0.6958762886597938 0.096875 0.14432989690721648
1 0.60546875 0.6971649484536082 0.0921875 0.05412371134020619
1 0.5171875 0.711340206185567 0.096875 0.07731958762886598
1 0.17734375 0.7255154639175257 0.0640625 0.08505154639175258
1 0.60859375 0.7512886597938144 0.1796875 0.2706185567010309
1 0.740625 0.7551546391752577 0.06875 0.08247422680412371
1 0.64296875 0.7654639175257731 0.0765625 0.10309278350515463
1 0.36875 0.7719072164948454 0.06875 0.09536082474226804
1 0.43671875 0.7757731958762887 0.0546875 0.10309278350515463
1 0.30859375 0.7963917525773195 0.0359375 0.05154639175257732
1 0.47890625 0.7963917525773195 0.0703125 0.12886597938144329
1 0.21015625 0.7976804123711341 0.1515625 0.06958762886597938
1 0.25625 0.8969072164948454 0.01875 0.03608247422680412