1 0.815112540192926 0.6358024691358025 0.07395498392282958 0.1728395061728395
1 0.3665594855305466 0.6820987654320988 0.09003215434083602 0.2037037037037037
1 0.4533762057877814 0.7067901234567902 0.05787781350482315 0.12962962962962962
1 0.6109324758842444 0.7098765432098766 0.5273311897106109 0.5308641975308642
1 0.7491961414790996 0.7407407407407407 0.12861736334405144 0.16049382716049382
1 0.6286173633440515 0.7839506172839507 0.11254019292604502 0.18518518518518517
1 0.26688102893890675 0.8364197530864198 0.09646302250803858 0.17901234567901234
1 0.43569131832797425 0.845679012345679 0.11254019292604502 0.1728395061728395
1 0.567524115755627 0.8888888888888888 0.09967845659163987 0.1111111111111111
1 0.8247588424437299 0.2808641975308642 0.11254019292604502 0.11728395061728394
1 0.7556270096463023 0.41975308641975306 0.05787781350482315 0.07407407407407407
1 0.6270096463022508 0.5555555555555556 0.1157556270096463 0.19753086419753085
1 0.454983922829582 0.5740740740740741 0.08038585209003216 0.1111111111111111
1 0.8794212218649518 0.5864197530864198 0.06752411575562701 0.20987654320987653
1 0.5209003215434084 0.5925925925925926 0.08360128617363344 0.19753086419753085