1 0.38516746411483255 0.3238993710691824 0.19617224880382775 0.1761006289308176
1 0.5909090909090909 0.36163522012578614 0.14832535885167464 0.25157232704402516
1 0.7464114832535885 0.4261006289308176 0.1674641148325359 0.17295597484276728
1 0.29784688995215314 0.470125786163522 0.145933014354067 0.1918238993710692
1 0.11363636363636363 0.4921383647798742 0.20813397129186603 0.2358490566037736
1 0.5143540669856459 0.5251572327044025 0.6794258373205742 0.7044025157232704
1 0.4772727272727273 0.5754716981132075 0.15550239234449761 0.24528301886792453
1 0.8265550239234449 0.6210691823899371 0.14114832535885166 0.31761006289308175
1 0.6722488038277512 0.6823899371069182 0.20574162679425836 0.3081761006289308
1 0.4342105263157895 0.7688679245283019 0.24641148325358853 0.279874213836478
1 0.15550239234449761 0.8789308176100629 0.2583732057416268 0.24213836477987422
1 0.7799043062200957 0.09748427672955975 0.14354066985645933 0.1949685534591195
1 0.8779904306220095 0.12106918238993711 0.09090909090909091 0.09748427672955975
1 0.23086124401913877 0.1871069182389937 0.13157894736842105 0.14150943396226415
1 0.5490430622009569 0.1918238993710692 0.18899521531100477 0.18867924528301888
1 0.9246411483253588 0.19654088050314467 0.145933014354067 0.2358490566037736
1 0.7129186602870813 0.23742138364779874 0.14832535885167464 0.19811320754716982
1 0.8277511961722488 0.2940251572327044 0.09569377990430622 0.17295597484276728