1 0.45 0.4066666666666667 0.124 0.06133333333333333
1 0.454 0.41733333333333333 0.068 0.024
1 0.549 0.44533333333333336 0.074 0.02666666666666667
1 0.664 0.48 0.092 0.058666666666666666
0 0.447 0.4826666666666667 0.114 0.096
1 0.37 0.5066666666666667 0.052 0.10666666666666667
1 0.579 0.5293333333333333 0.086 0.09866666666666667
1 0.449 0.572 0.154 0.08266666666666667
1 0.273 0.5826666666666667 0.198 0.07733333333333334
1 0.542 0.636 0.084 0.09333333333333334
1 0.432 0.6533333333333333 0.112 0.096