1 0.04826254826254826 0.538659793814433 0.09652509652509653 0.29381443298969073
0 0.4111969111969112 0.5695876288659794 0.305019305019305 0.34536082474226804
0 0.7625482625482626 0.6030927835051546 0.28957528957528955 0.32989690721649484
1 0.14285714285714285 0.6082474226804123 0.2084942084942085 0.5773195876288659
1 0.9555984555984556 0.6237113402061856 0.0888030888030888 0.29896907216494845
1 0.444015444015444 0.7731958762886598 0.1776061776061776 0.26804123711340205
1 0.6891891891891891 0.7938144329896907 0.10424710424710425 0.25773195876288657
1 0.8571428571428571 0.8402061855670103 0.23166023166023167 0.21649484536082475
1 0.5868725868725869 0.8994845360824743 0.23166023166023167 0.18041237113402062
1 0.3938223938223938 0.9097938144329897 0.22393822393822393 0.18041237113402062
1 0.43088803088803085 0.33505154639175255 0.3166023166023166 0.13402061855670103
1 0.7868725868725869 0.3711340206185567 0.3166023166023166 0.16494845360824742
1 0.8223938223938224 0.37371134020618557 0.15444015444015444 0.0979381443298969
1 0.4111969111969112 0.38144329896907214 0.15057915057915058 0.18556701030927836
1 0.5752895752895753 0.39948453608247425 0.10038610038610038 0.17010309278350516