1 0.2812549019607843 0.5213131313131313 0.17647058823529413 0.1717171717171717
1 0.8960784313725491 0.5378787878787878 0.12941176470588237 0.22727272727272727
1 0.9333333333333333 0.553030303030303 0.13333333333333333 0.2676767676767677
1 0.3732156862745098 0.5580808080808081 0.2235294117647059 0.11616161616161616
1 0.7392156862745098 0.5808080808080808 0.20784313725490197 0.09090909090909091
1 0.5450980392156862 0.5959595959595959 0.16470588235294117 0.06060606060606061
1 0.984313725490196 0.6161616161616161 0.03137254901960784 0.12121212121212122
1 0.4019607843137255 0.3333333333333333 0.15294117647058825 0.09090909090909091
1 0.5588235294117647 0.37373737373737376 0.1450980392156863 0.08080808080808081
1 0.7470588235294118 0.3888888888888889 0.1450980392156863 0.0707070707070707
0 0.39215686274509803 0.42424242424242425 0.13333333333333333 0.12121212121212122
0 0.7411764705882353 0.47474747474747475 0.14901960784313725 0.13131313131313133
0 0.5549019607843138 0.4823232323232323 0.1450980392156863 0.13636363636363635
1 0.06470588235294118 0.49747474747474746 0.11372549019607843 0.17676767676767677