0 0.769090909090909 0.592896174863388 0.09090909090909091 0.4098360655737705
1 0.1709090909090909 0.76775956284153 0.33454545454545453 0.4644808743169399
1 0.4690909090909091 0.8060109289617486 0.5381818181818182 0.3879781420765027
1 0.9090909090909091 0.8087431693989071 0.18181818181818182 0.3825136612021858
1 0.7709090909090909 0.8879781420765027 0.20363636363636364 0.22404371584699453
0 0.14181818181818182 0.24043715846994534 0.14545454545454545 0.08743169398907104
0 0.5272727272727272 0.30327868852459017 0.08727272727272728 0.1366120218579235
0 0.07636363636363637 0.40710382513661203 0.13818181818181818 0.2568306010928962
0 0.9018181818181819 0.4098360655737705 0.14545454545454545 0.37158469945355194
0 0.2963636363636364 0.453551912568306 0.33090909090909093 0.273224043715847
0 0.7145454545454546 0.4726775956284153 0.5418181818181819 0.2568306010928962