0 0.43822393822393824 0.5412371134020618 0.23552123552123552 0.18556701030927836
1 0.6003861003861004 0.5412371134020618 0.08108108108108109 0.10309278350515463
1 0.29343629343629346 0.5541237113402062 0.04633204633204633 0.06701030927835051
1 0.693050193050193 0.6185567010309279 0.09652509652509653 0.09278350515463918
1 0.7702702702702703 0.6623711340206185 0.06563706563706563 0.14948453608247422
0 0.35714285714285715 0.6881443298969072 0.23552123552123552 0.39690721649484534
1 0.5463320463320464 0.6932989690721649 0.1583011583011583 0.12886597938144329
1 0.4555984555984556 0.729381443298969 0.05405405405405406 0.17010309278350516
0 0.33976833976833976 0.7319587628865979 0.15444015444015444 0.27835051546391754
1 0.6698841698841699 0.7396907216494846 0.1274131274131274 0.0979381443298969
1 0.20656370656370657 0.7525773195876289 0.09652509652509653 0.12371134020618557
1 0.5231660231660231 0.8195876288659794 0.11969111969111969 0.12371134020618557
1 0.24903474903474904 0.9149484536082474 0.07335907335907337 0.08762886597938144
1 0.3745173745173745 0.3479381443298969 0.0694980694980695 0.05670103092783505
1 0.4362934362934363 0.37371134020618557 0.21621621621621623 0.10824742268041238
1 0.4768339768339768 0.3917525773195876 0.07335907335907337 0.061855670103092786
1 0.38996138996138996 0.3943298969072165 0.0694980694980695 0.04639175257731959