0 0.5979381443298969 0.42857142857142855 0.5051546391752577 0.5482625482625483
0 0.5721649484536082 0.528957528957529 0.5051546391752577 0.3783783783783784
1 0.30927835051546393 0.5675675675675675 0.10309278350515463 0.10810810810810811
1 0.16752577319587628 0.667953667953668 0.20103092783505155 0.10038610038610038
1 0.5850515463917526 0.7393822393822393 0.20103092783505155 0.15057915057915058
1 0.09278350515463918 0.7432432432432432 0.18556701030927836 0.0888030888030888
1 0.3427835051546392 0.7876447876447876 0.10824742268041238 0.08494208494208494
1 0.4742268041237113 0.8243243243243243 0.09278350515463918 0.05019305019305019
1 0.04639175257731959 0.8474903474903475 0.09278350515463918 0.16602316602316602
1 0.2345360824742268 0.8725868725868726 0.17010309278350516 0.15444015444015444
1 0.5747422680412371 0.9555984555984556 0.20103092783505155 0.0888030888030888
1 0.8273195876288659 0.9806949806949807 0.08762886597938144 0.03861003861003861
1 0.5309278350515464 0.27413127413127414 0.14432989690721648 0.14671814671814673
1 0.6185567010309279 0.2857142857142857 0.4020618556701031 0.10038610038610038
1 0.729381443298969 0.2876447876447876 0.17010309278350516 0.09652509652509653
1 0.4252577319587629 0.3223938223938224 0.08762886597938144 0.05019305019305019