1 0.3054545454545455 0.5792349726775956 0.05818181818181818 0.07650273224043716
1 0.16545454545454547 0.6229508196721312 0.07636363636363637 0.04371584699453552
1 0.18545454545454546 0.6557377049180327 0.04363636363636364 0.04371584699453552
1 0.3927272727272727 0.6666666666666666 0.05090909090909091 0.08743169398907104
1 0.2636363636363636 0.6775956284153005 0.12727272727272726 0.18579234972677597
1 0.34545454545454546 0.6912568306010929 0.05818181818181818 0.08196721311475409
1 0.14181818181818182 0.7158469945355191 0.10181818181818182 0.07650273224043716
1 0.4763636363636364 0.7513661202185792 0.08727272727272728 0.07103825136612021
1 0.38181818181818183 0.7950819672131147 0.05818181818181818 0.08196721311475409
1 0.1781818181818182 0.7950819672131147 0.10181818181818182 0.14754098360655737
1 0.2509090909090909 0.8169398907103825 0.07272727272727272 0.11475409836065574
1 0.1 0.8387978142076503 0.10545454545454545 0.11475409836065574
1 0.5181818181818182 0.8415300546448088 0.07636363636363637 0.12021857923497267
1 0.2545454545454545 0.9371584699453552 0.10181818181818182 0.12568306010928962
1 0.44 0.9398907103825137 0.10181818181818182 0.09836065573770492
0 0.3981818181818182 0.5191256830601093 0.16363636363636364 0.25136612021857924