1 0.8868055555555555 0.32790697674418606 0.05138888888888889 0.12093023255813953
0 0.7291666666666666 0.40813953488372096 0.3138888888888889 0.7930232558139535
0 0.5013888888888889 0.4686046511627907 0.16666666666666666 0.46744186046511627
0 0.23472222222222222 0.49767441860465117 0.37777777777777777 0.6093023255813953
0 0.725 0.5244186046511627 0.3194444444444444 0.541860465116279
1 0.19236111111111112 0.8104651162790698 0.30972222222222223 0.37906976744186044
1 0.47430555555555554 0.8313953488372093 0.1875 0.2627906976744186
1 0.7361111111111112 0.09302325581395349 0.08333333333333333 0.10232558139534884
1 0.5951388888888889 0.9430232558139535 0.17083333333333334 0.11395348837209303
1 0.7229166666666667 0.13488372093023257 0.30972222222222223 0.22325581395348837
1 0.8041666666666667 0.14069767441860465 0.10555555555555556 0.16511627906976745
1 0.6243055555555556 0.16627906976744186 0.10416666666666667 0.1558139534883721
1 0.30416666666666664 0.19534883720930232 0.12222222222222222 0.13953488372093023
1 0.17152777777777778 0.22093023255813954 0.13194444444444445 0.13953488372093023