1 0.21349009900990099 0.2963636363636364 0.013613861386138614 0.01090909090909091
1 0.23886138613861385 0.33090909090909093 0.3564356435643564 0.15636363636363637
1 0.5946782178217822 0.3463636363636364 0.1646039603960396 0.11818181818181818
1 0.6918316831683168 0.35363636363636364 0.06188118811881188 0.07818181818181819
1 0.24195544554455445 0.3563636363636364 0.0655940594059406 0.11636363636363636
1 0.36076732673267325 0.3572727272727273 0.11014851485148515 0.0890909090909091
1 0.1813118811881188 0.3609090909090909 0.053217821782178217 0.07818181818181819
1 0.8329207920792079 0.41454545454545455 0.11386138613861387 0.05818181818181818
1 0.7141089108910891 0.42454545454545456 0.10396039603960396 0.12545454545454546
0 0.5792079207920792 0.45454545454545453 0.21287128712871287 0.15272727272727274
0 0.26485148514851486 0.47 0.1707920792079208 0.12181818181818181
1 0.3935643564356436 0.4809090909090909 0.039603960396039604 0.12545454545454546
0 0.13056930693069307 0.4909090909090909 0.1150990099009901 0.21818181818181817
1 0.7685643564356436 0.5054545454545455 0.16336633663366337 0.11636363636363636
1 0.48514851485148514 0.52 0.13613861386138615 0.17454545454545456
1 0.23638613861386137 0.5709090909090909 0.09158415841584158 0.13454545454545455
1 0.41089108910891087 0.600909090909091 0.13613861386138615 0.20545454545454545
1 0.13366336633663367 0.6054545454545455 0.06930693069306931 0.05090909090909091
1 0.745049504950495 0.6163636363636363 0.23514851485148514 0.14545454545454545
1 0.8923267326732673 0.6409090909090909 0.1782178217821782 0.3109090909090909
1 0.055693069306930694 0.6463636363636364 0.06188118811881188 0.09272727272727273
1 0.3657178217821782 0.7009090909090909 0.10767326732673267 0.12181818181818181
1 0.17326732673267325 0.740909090909091 0.10891089108910891 0.07090909090909091
1 0.6540841584158416 0.7454545454545455 0.6918316831683168 0.38181818181818183
1 0.5136138613861386 0.7472727272727273 0.11386138613861387 0.24363636363636362
1 0.655940594059406 0.7818181818181819 0.1608910891089109 0.1890909090909091
1 0.18873762376237624 0.8209090909090909 0.15965346534653466 0.22727272727272727
1 0.8787128712871287 0.8236363636363636 0.24257425742574257 0.2872727272727273
1 0.23638613861386137 0.8581818181818182 0.06435643564356436 0.16363636363636364
1 0.0625 0.8745454545454545 0.11014851485148515 0.13818181818181818
1 0.7970297029702971 0.8909090909090909 0.12128712871287128 0.10545454545454545