1 0.4983277591973244 0.6220238095238095 0.06020066889632107 0.1130952380952381
1 0.9063545150501672 0.6309523809523809 0.13377926421404682 0.09523809523809523
1 0.4280936454849498 0.6636904761904762 0.06688963210702341 0.10119047619047619
1 0.04013377926421405 0.6696428571428571 0.046822742474916385 0.08928571428571429
1 0.6588628762541806 0.6964285714285714 0.10702341137123746 0.13095238095238096
1 0.19230769230769232 0.7053571428571429 0.056856187290969896 0.06547619047619048
1 0.3193979933110368 0.7202380952380952 0.08361204013377926 0.10714285714285714
1 0.5551839464882943 0.7351190476190477 0.10033444816053512 0.125
1 0.7508361204013378 0.21428571428571427 0.08361204013377926 0.08333333333333333
1 0.7374581939799331 0.25 0.18394648829431437 0.17857142857142858
1 0.6889632107023411 0.2708333333333333 0.06020066889632107 0.10119047619047619
1 0.754180602006689 0.28273809523809523 0.07023411371237458 0.08928571428571429
0 0.7491638795986622 0.49107142857142855 0.16722408026755853 0.30357142857142855
0 0.7424749163879598 0.5089285714285714 0.17391304347826086 0.375