1 0.4170141784820684 0.11940298507462686 0.1651376146788991 0.06529850746268656
1 0.3957464553794829 0.22154850746268656 0.25604670558799 0.11100746268656717
1 0.4829024186822352 0.23041044776119404 0.09674728940783987 0.1044776119402985
1 0.35571309424520436 0.3148320895522388 0.10091743119266056 0.058768656716417914
1 0.4962468723936614 0.33722014925373134 0.10341951626355296 0.08488805970149253
1 0.40658882402001667 0.4673507462686567 0.18265221017514596 0.12686567164179105
1 0.621768140116764 0.47527985074626866 0.07089241034195162 0.07742537313432836
1 0.47206005004170143 0.49580223880597013 0.3586321934945788 0.4039179104477612
1 0.7168473728106756 0.5401119402985075 0.07756463719766472 0.11940298507462686
1 0.4341117597998332 0.5918843283582089 0.5262718932443703 0.6968283582089553
1 0.29899916597164305 0.6487873134328358 0.2543786488740617 0.13899253731343283
1 0.4011676396997498 0.06996268656716417 0.11676396997497915 0.05970149253731343
1 0.7714762301918265 0.7243470149253731 0.07172643869891576 0.0830223880597015
1 0.5942452043369475 0.808768656716418 0.1609674728940784 0.16977611940298507