1 0.48501577287066244 0.3179551122194514 0.00473186119873817 0.06234413965087282
1 0.45110410094637227 0.3516209476309227 0.07886435331230283 0.09476309226932668
1 0.613564668769716 0.38902743142144636 0.10725552050473186 0.08478802992518704
1 0.07965299684542587 0.4089775561097257 0.11829652996845426 0.08478802992518704
1 0.17113564668769715 0.4114713216957606 0.061514195583596214 0.06483790523690773
1 0.18454258675078863 0.4825436408977556 0.06309148264984227 0.0773067331670823
1 0.14589905362776026 0.529925187032419 0.08675078864353312 0.06733167082294264
1 0.6301261829652997 0.5336658354114713 0.13406940063091483 0.17955112219451372
1 0.7594637223974764 0.7855361596009975 0.15615141955835962 0.1745635910224439
1 0.9329652996845426 0.8266832917705735 0.12460567823343849 0.26184538653366585
1 0.8958990536277602 0.9164588528678305 0.12302839116719243 0.16708229426433915
1 0.7705047318611987 0.9251870324189526 0.13406940063091483 0.14962593516209477