0 0.5991666666666666 0.28864569083447333 0.125 0.14774281805745554
0 0.5091666666666667 0.3036935704514364 0.12166666666666667 0.14227086183310533
1 0.495 0.3426812585499316 0.043333333333333335 0.017783857729138167
1 0.5483333333333333 0.353625170998632 0.03 0.03967168262653899
1 0.32416666666666666 0.4097127222982216 0.09166666666666666 0.06155950752393981
1 0.5375 0.4186046511627907 0.105 0.09849521203830369
1 0.12333333333333334 0.448016415868673 0.11666666666666667 0.06976744186046512
0 0.7975 0.45143638850889195 0.405 0.37756497948016415
1 0.22083333333333333 0.4528043775649795 0.12833333333333333 0.057455540355677154
1 0.33 0.460328317373461 0.06333333333333334 0.058823529411764705
1 0.38 0.46169630642954856 0.07333333333333333 0.06976744186046512
1 0.48833333333333334 0.5499316005471956 0.09 0.1012311901504788
1 0.62 0.5533515731874145 0.23333333333333334 0.11080711354309165
1 0.29 0.5574555403556771 0.4166666666666667 0.28864569083447333
1 0.18916666666666668 0.5882352941176471 0.15833333333333333 0.13132694938440492
1 0.365 0.5971272229822161 0.21 0.12722298221614228
1 0.9275 0.6607387140902873 0.13166666666666665 0.12585499316005472
1 0.7841666666666667 0.673734610123119 0.15166666666666667 0.1518467852257182
1 0.6125 0.6956224350205198 0.195 0.16826265389876882
1 0.82 0.8775649794801642 0.20666666666666667 0.06155950752393981