0 0.2976190476190476 0.41985645933014354 0.2714285714285714 0.23205741626794257
1 0.3873015873015873 0.5574162679425837 0.031746031746031744 0.05263157894736842
1 0.5166666666666667 0.6303827751196173 0.1126984126984127 0.2894736842105263
1 0.5769841269841269 0.6866028708133971 0.09365079365079365 0.11004784688995216
1 0.6015873015873016 0.7093301435406698 0.10158730158730159 0.08851674641148326
1 0.7047619047619048 0.7177033492822966 0.20952380952380953 0.2727272727272727
1 0.09523809523809523 0.7177033492822966 0.15555555555555556 0.5358851674641149
1 0.24841269841269842 0.722488038277512 0.15714285714285714 0.2583732057416268
1 0.2912698412698413 0.7332535885167464 0.05873015873015873 0.09330143540669857
1 0.3984126984126984 0.7511961722488039 0.07936507936507936 0.15311004784688995
1 0.29603174603174603 0.7643540669856459 0.5285714285714286 0.47129186602870815
1 0.2357142857142857 0.7667464114832536 0.08095238095238096 0.07894736842105263
1 0.11190476190476191 0.7906698564593302 0.07777777777777778 0.16985645933014354
1 0.1246031746031746 0.7906698564593302 0.04285714285714286 0.045454545454545456
1 0.6682539682539682 0.8600478468899522 0.12063492063492064 0.12679425837320574
1 0.780952380952381 0.9007177033492823 0.41904761904761906 0.19856459330143542
1 0.8134920634920635 0.9174641148325359 0.11587301587301588 0.12679425837320574
1 0.26587301587301587 0.9461722488038278 0.11904761904761904 0.1076555023923445