1 0.10696095076400679 0.38461538461538464 0.06791171477079797 0.18461538461538463
1 0.057724957555178265 0.4461538461538462 0.07809847198641766 0.2230769230769231
1 0.42614601018675724 0.47884615384615387 0.2071307300509338 0.38076923076923075
1 0.11799660441426146 0.5153846153846153 0.11375212224108659 0.14615384615384616
1 0.30560271646859083 0.5596153846153846 0.2071307300509338 0.3346153846153846
1 0.18845500848896435 0.6230769230769231 0.11884550084889643 0.13076923076923078
1 0.34295415959252973 0.6480769230769231 0.166383701188455 0.20384615384615384
1 0.5466893039049237 0.7038461538461539 0.13921901528013583 0.19230769230769232
1 0.6273344651952462 0.7288461538461538 0.023769100169779286 0.04230769230769231
1 0.2843803056027165 0.8 0.0933786078098472 0.13846153846153847
1 0.20797962648556875 0.09423076923076923 0.07979626485568761 0.1423076923076923
1 0.6536502546689303 0.9442307692307692 0.04753820033955857 0.11153846153846154
1 0.11544991511035653 0.20384615384615384 0.11205432937181664 0.2923076923076923
1 0.3455008488964346 0.23846153846153847 0.07979626485568761 0.2153846153846154
1 0.16383701188455008 0.25576923076923075 0.11375212224108659 0.1423076923076923
1 0.200339558573854 0.3076923076923077 0.10186757215619695 0.2846153846153846