0 0.075 0.4367816091954023 0.15 0.27586206896551724
0 0.2866666666666667 0.4525862068965517 0.25333333333333335 0.33045977011494254
0 0.5866666666666667 0.46120689655172414 0.31666666666666665 0.3649425287356322
0 0.8791666666666667 0.47270114942528735 0.24166666666666667 0.3879310344827586
1 0.09083333333333334 0.7155172413793104 0.155 0.23563218390804597
1 0.6225 0.7528735632183908 0.23166666666666666 0.1839080459770115
1 0.3458333333333333 0.7758620689655172 0.3016666666666667 0.29310344827586204
1 0.82 0.8390804597701149 0.13333333333333333 0.3218390804597701
1 0.855 0.16235632183908047 0.29 0.1810344827586207
1 0.3616666666666667 0.1867816091954023 0.11333333333333333 0.1839080459770115
1 0.5633333333333334 0.1925287356321839 0.2733333333333333 0.15517241379310345
1 0.2891666666666667 0.21839080459770116 0.255 0.11494252873563218
1 0.06833333333333333 0.22270114942528735 0.13333333333333333 0.13505747126436782