1 0.4807692307692308 0.6327160493827161 0.07692307692307693 0.09259259259259259
1 0.1987179487179487 0.6635802469135802 0.08333333333333333 0.08024691358024691
1 0.3733974358974359 0.6759259259259259 0.09294871794871795 0.05555555555555555
1 0.7243589743589743 0.06790123456790123 0.08333333333333333 0.12345679012345678
1 0.4439102564102564 0.6944444444444444 0.08653846153846154 0.15432098765432098
1 0.32371794871794873 0.7345679012345679 0.07051282051282051 0.04938271604938271
1 0.3125 0.7530864197530864 0.04807692307692308 0.06172839506172839
1 0.1362179487179487 0.7993827160493827 0.0673076923076923 0.06790123456790123
1 0.11378205128205128 0.8148148148148148 0.11217948717948718 0.13580246913580246
1 0.32051282051282054 0.8240740740740741 0.12179487179487179 0.08024691358024691
1 0.4567307692307692 0.8302469135802469 0.14423076923076922 0.3271604938271605
1 0.36217948717948717 0.8858024691358025 0.08333333333333333 0.16666666666666666
1 0.8830128205128205 0.9259259259259259 0.22756410256410256 0.14814814814814814
1 0.6875 0.9629629629629629 0.09294871794871795 0.07407407407407407
1 0.9038461538461539 0.2006172839506173 0.14743589743589744 0.16666666666666666
0 0.6346153846153846 0.2777777777777778 0.07692307692307693 0.48148148148148145
0 0.6939102564102564 0.2993827160493827 0.022435897435897436 0.5987654320987654
1 0.4391025641025641 0.38271604938271603 0.08333333333333333 0.07407407407407407
1 0.05608974358974359 0.41975308641975306 0.09935897435897435 0.1728395061728395
0 0.8413461538461539 0.4382716049382716 0.27884615384615385 0.8271604938271605
1 0.42788461538461536 0.558641975308642 0.07371794871794872 0.11728395061728394
1 0.32532051282051283 0.5648148148148148 0.09294871794871795 0.12962962962962962
0 0.8557692307692307 0.5802469135802469 0.28846153846153844 0.5679012345679012