1 0.5765472312703583 0.6128048780487805 0.04560260586319218 0.10365853658536585
1 0.7328990228013029 0.6371951219512195 0.21498371335504887 0.27439024390243905
1 0.2182410423452769 0.6371951219512195 0.1237785016286645 0.10365853658536585
1 0.6172638436482085 0.6524390243902439 0.5439739413680782 0.4878048780487805
1 0.8420195439739414 0.698170731707317 0.05537459283387622 0.10365853658536585
1 0.42996742671009774 0.7621951219512195 0.23452768729641693 0.2804878048780488
1 0.1986970684039088 0.7621951219512195 0.1237785016286645 0.14634146341463414
1 0.48534201954397393 0.7926829268292683 0.7166123778501629 0.4146341463414634
1 0.5537459283387622 0.8109756097560976 0.0781758957654723 0.14634146341463414
1 0.3338762214983713 0.9207317073170732 0.15960912052117263 0.15853658536585366
1 0.7068403908794788 0.9329268292682927 0.08469055374592833 0.13414634146341464
1 0.8436482084690554 0.948170731707317 0.11074918566775244 0.10365853658536585
1 0.5814332247557004 0.3932926829268293 0.04234527687296417 0.07926829268292683
1 0.6758957654723127 0.4420731707317073 0.029315960912052116 0.06707317073170732
1 0.4364820846905538 0.4695121951219512 0.05863192182410423 0.0975609756097561
1 0.758957654723127 0.4847560975609756 0.06514657980456026 0.09146341463414634
1 0.6384364820846905 0.49085365853658536 0.2671009771986971 0.23780487804878048