0 0.46171875 0.24220374220374222 0.3953125 0.48440748440748443
0 0.47734375 0.29417879417879417 0.3796875 0.35550935550935553
1 0.6328125 0.40644490644490644 0.184375 0.15176715176715178
1 0.07578125 0.41476091476091476 0.1078125 0.06444906444906445
1 0.25234375 0.4781704781704782 0.0984375 0.21205821205821207
1 0.153125 0.4875259875259875 0.071875 0.0893970893970894
1 0.3625 0.5083160083160083 0.0875 0.09771309771309772
1 0.503125 0.5218295218295218 0.178125 0.1995841995841996
1 0.35828125 0.577962577962578 0.1984375 0.2494802494802495
1 0.16328125 0.58004158004158 0.1078125 0.058212058212058215
1 0.74765625 0.5914760914760915 0.2453125 0.3471933471933472
1 0.47890625 0.061330561330561334 0.0953125 0.10187110187110188
1 0.11875 0.6663201663201663 0.175 0.1392931392931393
1 0.446875 0.6694386694386695 0.084375 0.15384615384615385
1 0.58984375 0.6923076923076923 0.1484375 0.25363825363825365
1 0.27734375 0.7016632016632016 0.1890625 0.1392931392931393
1 0.8765625 0.7546777546777547 0.246875 0.4864864864864865
1 0.35234375 0.09771309771309772 0.0734375 0.09563409563409564
1 0.58828125 0.13825363825363826 0.1421875 0.21413721413721415