1 0.4136666666666667 0.5 0.14466666666666667 0.149
1 0.22766666666666666 0.51425 0.15933333333333333 0.0925
1 0.516 0.57025 0.376 0.1245
1 0.948 0.58225 0.06666666666666667 0.1115
1 0.5773333333333334 0.5835 0.212 0.106
1 0.956 0.61175 0.050666666666666665 0.0225
1 0.034 0.63825 0.068 0.1405
1 0.7 0.68775 0.5026666666666667 0.1105
1 0.8726666666666667 0.71925 0.14266666666666666 0.0625
1 0.5216666666666666 0.75325 0.254 0.1505
1 0.8513333333333334 0.92925 0.20666666666666667 0.1025
1 0.6066666666666667 0.30725 0.05733333333333333 0.0335
1 0.773 0.31375 0.17666666666666667 0.0765
1 0.563 0.362 0.12333333333333334 0.068
1 0.06466666666666666 0.362 0.10666666666666667 0.048
1 0.22766666666666666 0.3935 0.106 0.061
1 0.886 0.419 0.06266666666666666 0.042
0 0.8513333333333334 0.47825 0.29733333333333334 0.3205
0 0.872 0.48425 0.256 0.2775