0 0.5951612903225807 0.25 0.16129032258064516 0.44146341463414634
1 0.4137096774193548 0.27439024390243905 0.11451612903225807 0.12439024390243902
1 0.3193548387096774 0.30121951219512194 0.07741935483870968 0.1
1 0.8290322580645161 0.3780487804878049 0.06129032258064516 0.11219512195121951
1 0.7758064516129032 0.3902439024390244 0.11290322580645161 0.22926829268292684
1 0.22096774193548388 0.39390243902439026 0.03870967741935484 0.1
1 0.4129032258064516 0.4060975609756098 0.054838709677419356 0.14878048780487804
1 0.7008064516129032 0.41097560975609754 0.07580645161290323 0.1975609756097561
1 0.43306451612903224 0.42073170731707316 0.12419354838709677 0.22682926829268293
1 0.25725806451612904 0.424390243902439 0.06612903225806452 0.17073170731707318
1 0.6096774193548387 0.0524390243902439 0.07096774193548387 0.09024390243902439
1 0.4346774193548387 0.524390243902439 0.1403225806451613 0.15609756097560976
1 0.6491935483870968 0.5317073170731708 0.23709677419354838 0.2
1 0.5967741935483871 0.6439024390243903 0.19032258064516128 0.28292682926829266
1 0.3814516129032258 0.6524390243902439 0.1403225806451613 0.2121951219512195
1 0.2435483870967742 0.7268292682926829 0.22580645161290322 0.5170731707317073
1 0.4612903225806452 0.7573170731707317 0.1064516129032258 0.16829268292682928
1 0.19516129032258064 0.7634146341463415 0.14516129032258066 0.2634146341463415
1 0.7629032258064516 0.7731707317073171 0.17096774193548386 0.16097560975609757
1 0.40161290322580645 0.7792682926829269 0.3096774193548387 0.275609756097561
1 0.7 0.22682926829268293 0.02903225806451613 0.2097560975609756
0 0.6024193548387097 0.24024390243902438 0.1403225806451613 0.36341463414634145