1 0.2702265372168285 0.3834355828220859 0.05501618122977346 0.018404907975460124
1 0.127831715210356 0.3895705521472393 0.10679611650485436 0.07975460122699386
0 0.2750809061488673 0.44785276073619634 0.07766990291262135 0.12269938650306748
0 0.5485436893203883 0.4570552147239264 0.0744336569579288 0.15337423312883436
1 0.4174757281553398 0.48773006134969327 0.07766990291262135 0.09202453987730061
1 0.8624595469255664 0.49079754601226994 0.10032362459546926 0.11042944785276074
1 0.1423948220064725 0.5398773006134969 0.08414239482200647 0.11042944785276074
1 0.284789644012945 0.558282208588957 0.06472491909385113 0.0736196319018405
1 0.41262135922330095 0.5613496932515337 0.19093851132686085 0.4233128834355828
1 0.7961165048543689 0.5613496932515337 0.3948220064724919 0.2883435582822086
1 0.13268608414239483 0.5736196319018405 0.18122977346278318 0.25153374233128833
1 0.7055016181229773 0.5828220858895705 0.0970873786407767 0.09815950920245399
1 0.5598705501618123 0.588957055214724 0.07119741100323625 0.12269938650306748