1 0.59140625 0.4583333333333333 0.0984375 0.07916666666666666
1 0.423046875 0.46458333333333335 0.04140625 0.06666666666666667
1 0.95703125 0.47552083333333334 0.0640625 0.030208333333333334
1 0.4640625 0.48072916666666665 0.0546875 0.071875
1 0.536328125 0.50625 0.03515625 0.058333333333333334
1 0.58046875 0.5114583333333333 0.040625 0.04791666666666667
1 0.7203125 0.5229166666666667 0.0734375 0.05416666666666667
1 0.253515625 0.5296875 0.05078125 0.057291666666666664
1 0.80703125 0.53125 0.053125 0.10416666666666667
1 0.93828125 0.5375 0.1234375 0.18125
1 0.20625 0.5375 0.046875 0.035416666666666666
1 0.922265625 0.5515625 0.05390625 0.08645833333333333
1 0.309765625 0.5552083333333333 0.04921875 0.09166666666666666
1 0.4625 0.55625 0.0796875 0.09375
1 0.96640625 0.5619791666666667 0.0359375 0.09270833333333334
1 0.13828125 0.5619791666666667 0.075 0.07604166666666666
1 0.19765625 0.5828125 0.0546875 0.096875
1 0.709375 0.615625 0.0484375 0.07083333333333333
1 0.719140625 0.6177083333333333 0.06328125 0.06041666666666667
1 0.226953125 0.6197916666666666 0.04921875 0.06458333333333334
1 0.05625 0.6375 0.096875 0.06666666666666667
1 0.060546875 0.6416666666666667 0.12109375 0.07708333333333334
1 0.3421875 0.646875 0.0421875 0.06666666666666667
1 0.4 0.6520833333333333 0.0671875 0.07291666666666667
1 0.653125 0.6536458333333334 0.059375 0.06770833333333333
1 0.5 0.6666666666666666 1 0.575
1 0.755078125 0.678125 0.48984375 0.27708333333333335
1 0.241796875 0.6786458333333333 0.07734375 0.053125
1 0.43984375 0.6880208333333333 0.0875 0.065625
1 0.55 0.7036458333333333 0.0515625 0.071875
1 0.748046875 0.7057291666666666 0.07734375 0.08229166666666667
1 0.31953125 0.734375 0.06875 0.09375
1 0.5640625 0.7505208333333333 0.0609375 0.07604166666666666
1 0.56640625 0.75625 0.046875 0.08541666666666667
1 0.1703125 0.7973958333333333 0.0859375 0.08020833333333334
1 0.680859375 0.8104166666666667 0.05234375 0.05625
1 0.5046875 0.8140625 0.0484375 0.065625
1 0.60859375 0.8182291666666667 0.065625 0.06145833333333333
1 0.33671875 0.8427083333333333 0.06875 0.04791666666666667
1 0.22734375 0.8588541666666667 0.1125 0.10104166666666667
1 0.465234375 0.8682291666666667 0.06328125 0.090625
1 0.051953125 0.9213541666666667 0.10390625 0.13854166666666667