1 0.47297297297297297 0.538659793814433 0.23552123552123552 0.29381443298969073
1 0.3416988416988417 0.6005154639175257 0.3359073359073359 0.18041237113402062
1 0.6640926640926641 0.6752577319587629 0.19305019305019305 0.41237113402061853
1 0.7683397683397684 0.7963917525773195 0.23938223938223938 0.3556701030927835
1 0.9768339768339769 0.8067010309278351 0.04633204633204633 0.20103092783505155
1 0.5405405405405406 0.20103092783505155 0.20077220077220076 0.1134020618556701
1 0.7741312741312741 0.20876288659793815 0.23552123552123552 0.14948453608247422
1 0.35714285714285715 0.211340206185567 0.17374517374517376 0.10309278350515463
0 0.3803088803088803 0.31443298969072164 0.1583011583011583 0.15463917525773196
0 0.5424710424710425 0.3324742268041237 0.1891891891891892 0.14948453608247422
0 0.777992277992278 0.39690721649484534 0.25868725868725867 0.26804123711340205
1 0.9465637065637066 0.43896907216494846 0.0694980694980695 0.1134020618556701
1 0.2606177606177606 0.4742268041237113 0.17374517374517376 0.23711340206185566