1 0.4955555555555556 0.15208333333333332 0.26222222222222225 0.09916666666666667
1 0.7214814814814815 0.18875 0.1451851851851852 0.0725
1 0.5066666666666667 0.21916666666666668 0.5214814814814814 0.175
1 0.4748148148148148 0.2325 0.5318518518518518 0.15166666666666667
1 0.6496296296296297 0.24833333333333332 0.14074074074074075 0.03333333333333333
1 0.5096296296296297 0.2658333333333333 0.16 0.065
1 0.3474074074074074 0.26916666666666667 0.18222222222222223 0.075
1 0.19777777777777777 0.29333333333333333 0.09037037037037036 0.023333333333333334
1 0.5222222222222223 0.30625 0.14962962962962964 0.025833333333333333
0 0.5007407407407407 0.38625 0.6518518518518519 0.13416666666666666
0 0.5237037037037037 0.40041666666666664 0.6088888888888889 0.30083333333333334
1 0.6762962962962963 0.54 0.09925925925925926 0.1
1 0.19333333333333333 0.63 0.25925925925925924 0.14166666666666666
1 0.5674074074074074 0.6854166666666667 0.32 0.18916666666666668