1 0.716015625 0.20572916666666666 0.35078125 0.140625
1 0.434765625 0.21822916666666667 0.33046875 0.084375
0 0.389453125 0.31614583333333335 0.13671875 0.11979166666666667
0 0.537109375 0.32135416666666666 0.17109375 0.121875
0 0.783203125 0.40677083333333336 0.24140625 0.2864583333333333
1 0.955078125 0.44479166666666664 0.06953125 0.07083333333333333
1 0.298828125 0.490625 0.31953125 0.2375
1 0.550390625 0.6010416666666667 0.17109375 0.4375
1 0.453515625 0.6942708333333333 0.11328125 0.15104166666666666
1 0.823828125 0.7083333333333334 0.35234375 0.46041666666666664
1 0.2078125 0.7354166666666667 0.16875 0.16458333333333333
1 0.44140625 0.8828125 0.0515625 0.090625