1 0.36 0.5982142857142857 0.05333333333333334 0.10119047619047619
1 0.42333333333333334 0.6279761904761905 0.05333333333333334 0.06547619047619048
1 0.54 0.6279761904761905 0.05333333333333334 0.08928571428571429
1 0.32666666666666666 0.6398809523809523 0.05333333333333334 0.08928571428571429
1 0.615 0.6636904761904762 0.59 0.25595238095238093
1 0.09333333333333334 0.6696428571428571 0.05333333333333334 0.06547619047619048
1 0.965 0.6815476190476191 0.07 0.06547619047619048
1 0.5183333333333333 0.6845238095238095 0.07 0.08333333333333333
1 0.5383333333333333 0.6845238095238095 0.056666666666666664 0.07142857142857142
1 0.16166666666666665 0.6845238095238095 0.06333333333333334 0.047619047619047616
1 0.3 0.7023809523809523 0.03333333333333333 0.07142857142857142
1 0.8016666666666666 0.7113095238095238 0.06333333333333334 0.07738095238095238
1 0.37 0.7142857142857143 0.06 0.09523809523809523
1 0.595 0.7172619047619048 0.056666666666666664 0.125
1 0.6533333333333333 0.7172619047619048 0.04666666666666667 0.1130952380952381
1 0.15166666666666667 0.7202380952380952 0.12333333333333334 0.17857142857142858
1 0.4533333333333333 0.7380952380952381 0.07333333333333333 0.11904761904761904
1 0.49666666666666665 0.7410714285714286 0.07333333333333333 0.10119047619047619
1 0.72 0.7529761904761905 0.04 0.05357142857142857
1 0.17666666666666667 0.7559523809523809 0.06666666666666667 0.08333333333333333
1 0.2966666666666667 0.7767857142857143 0.05333333333333334 0.06547619047619048
1 0.5266666666666666 0.5119047619047619 0.07333333333333333 0.08333333333333333
1 0.45666666666666667 0.5208333333333334 0.04666666666666667 0.07738095238095238
1 0.415 0.5267857142857143 0.043333333333333335 0.07738095238095238
1 0.37666666666666665 0.5357142857142857 0.02666666666666667 0.05952380952380952
1 0.565 0.5625 0.06333333333333334 0.06547619047619048
1 0.17833333333333334 0.5654761904761905 0.12333333333333334 0.08333333333333333
1 0.71 0.5863095238095238 0.05333333333333334 0.05357142857142857