1 0.2880299251870324 0.27023498694516973 0.06234413965087282 0.04960835509138381
1 0.4239401496259352 0.30548302872062666 0.8079800498753117 0.1462140992167102
1 0.05610972568578554 0.31201044386422977 0.07231920199501247 0.10704960835509138
1 0.5548628428927681 0.3381201044386423 0.0773067331670823 0.06527415143603134
1 0.7630922693266833 0.3433420365535248 0.08977556109725686 0.0391644908616188
1 0.20698254364089774 0.34856396866840733 0.06982543640897755 0.08093994778067885
1 0.6733167082294265 0.3524804177545692 0.06483790523690773 0.09921671018276762
1 0.11346633416458853 0.381201044386423 0.04239401496259352 0.057441253263707574
1 0.4850374064837905 0.3838120104438642 0.04239401496259352 0.06788511749347259
1 0.256857855361596 0.4007832898172324 0.059850374064837904 0.044386422976501305
0 0.7768079800498753 0.46866840731070497 0.12219451371571072 0.24281984334203655
0 0.5947630922693267 0.48433420365535246 0.23192019950124687 0.21148825065274152
0 0.3029925187032419 0.5548302872062664 0.3516209476309227 0.3524804177545692
1 0.8940149625935162 0.566579634464752 0.04738154613466334 0.03655352480417755
1 0.41271820448877805 0.6266318537859008 0.06234413965087282 0.05221932114882506
1 0.5286783042394015 0.6422976501305483 0.08478802992518704 0.13054830287206268
1 0.6271820448877805 0.6501305483028721 0.0773067331670823 0.10966057441253264
1 0.7119700748129676 0.6527415143603134 0.12718204488778054 0.0731070496083551
1 0.5024937655860349 0.6892950391644909 0.11221945137157108 0.08877284595300261
1 0.6172069825436409 0.6984334203655352 0.0773067331670823 0.09138381201044386
1 0.38902743142144636 0.7049608355091384 0.1396508728179551 0.11488250652741515