1 0.3576388888888889 0.25116279069767444 0.03194444444444444 0.05116279069767442
1 0.42083333333333334 0.25116279069767444 0.1388888888888889 0.12093023255813953
1 0.41180555555555554 0.25465116279069766 0.07083333333333333 0.09534883720930233
1 0.4618055555555556 0.2755813953488372 0.02638888888888889 0.08139534883720931
0 0.4131944444444444 0.42209302325581394 0.14305555555555555 0.2441860465116279
0 0.4083333333333333 0.45348837209302323 0.13333333333333333 0.29767441860465116
1 0.28194444444444444 0.4883720930232558 0.05555555555555555 0.05116279069767442
1 0.5597222222222222 0.5197674418604651 0.06666666666666667 0.1186046511627907
1 0.46875 0.5511627906976744 0.03194444444444444 0.06046511627906977
1 0.5861111111111111 0.5569767441860465 0.058333333333333334 0.07674418604651163
1 0.525 0.5616279069767441 0.05555555555555555 0.07209302325581396
1 0.46319444444444446 0.5720930232558139 0.07083333333333333 0.09767441860465116
1 0.5923611111111111 0.5732558139534883 0.02638888888888889 0.044186046511627906
1 0.38472222222222224 0.65 0.05 0.05813953488372093
1 0.6722222222222223 0.6569767441860465 0.08333333333333333 0.16511627906976745
1 0.48055555555555557 0.6651162790697674 0.04722222222222222 0.04186046511627907
1 0.3298611111111111 0.6755813953488372 0.03194444444444444 0.11395348837209303
1 0.4097222222222222 0.7313953488372092 0.08333333333333333 0.1325581395348837
1 0.3798611111111111 0.7546511627906977 0.1625 0.3325581395348837