1 0.6702898550724637 0.29305555555555557 0.06521739130434782 0.08611111111111111
1 0.5495169082125604 0.33194444444444443 0.32608695652173914 0.2972222222222222
1 0.44806763285024154 0.33611111111111114 0.6594202898550725 0.15
1 0.7282608695652174 0.33611111111111114 0.04589371980676329 0.06666666666666667
0 0.1956521739130435 0.5 0.2753623188405797 0.2611111111111111
0 0.5736714975845411 0.5361111111111111 0.46618357487922707 0.23333333333333334
0 0.5797101449275363 0.6513888888888889 0.4782608695652174 0.49722222222222223
1 0.11594202898550725 0.7388888888888889 0.12077294685990338 0.2111111111111111
1 0.8393719806763285 0.7555555555555555 0.28743961352657005 0.46111111111111114
1 0.32367149758454106 0.7583333333333333 0.27053140096618356 0.37222222222222223
1 0.024154589371980676 0.7791666666666667 0.04830917874396135 0.44166666666666665
1 0.4106280193236715 0.9041666666666667 0.3526570048309179 0.15833333333333333
1 0.13647342995169082 0.9111111111111111 0.27294685990338163 0.13333333333333333
1 0.5640096618357487 0.17777777777777778 0.10869565217391304 0.06666666666666667