0 0.8048065650644783 0.21875 0.3903868698710434 0.4375
0 0.772567409144197 0.3177083333333333 0.4548651817116061 0.6354166666666666
1 0.563305978898007 0.31875 0.06916764361078546 0.08333333333333333
1 0.40738569753810083 0.3697916666666667 0.26143024618991795 0.46041666666666664
1 0.44021101992966 0.38645833333333335 0.08323563892145369 0.13958333333333334
1 0.9513481828839391 0.4583333333333333 0.05509964830011723 0.1
1 0.276084407971864 0.6333333333333333 0.19577960140679954 0.3375
1 0.8370457209847597 0.659375 0.0984759671746776 0.16041666666666668
1 0.4261430246189918 0.68125 0.05509964830011723 0.07083333333333333
1 0.42846424384525206 0.6823541666666666 0.06826494724501758 0.0930625
1 0.5099648300117233 0.71875 0.08206330597889801 0.12083333333333333
1 0.3704572098475967 0.80625 0.11019929660023446 0.21666666666666667
1 0.5937866354044549 0.871875 0.10668229777256741 0.21041666666666667
1 0.5339976553341149 0.9104166666666667 0.123094958968347 0.14166666666666666
1 0.7362250879249707 0.915625 0.22039859320046892 0.16875
1 0.9572098475967175 0.9239583333333333 0.08558030480656506 0.15208333333333332
1 0.37807737397420865 0.14270833333333333 0.059788980070339975 0.09375