1 0.730909090909091 0.5683060109289617 0.07272727272727272 0.1092896174863388
1 0.8218181818181818 0.5765027322404371 0.09454545454545454 0.07103825136612021
1 0.9490909090909091 0.587431693989071 0.02181818181818182 0.03825136612021858
1 0.36363636363636365 0.6092896174863388 0.06545454545454546 0.11475409836065574
1 0.27090909090909093 0.6147540983606558 0.03272727272727273 0.060109289617486336
1 0.3456 0.6370491803278688 0.09454545454545454 0.2786885245901639
1 0.6781818181818182 0.6475409836065574 0.12 0.14754098360655737
1 0.3090909090909091 0.6693989071038251 0.08727272727272728 0.11475409836065574
1 0.5745454545454546 0.6939890710382514 0.08 0.09836065573770492
1 0.21636363636363637 0.7158469945355191 0.12 0.12021857923497267
1 0.62 0.7540983606557377 0.12 0.1092896174863388
1 0.3145454545454546 0.7704918032786885 0.09090909090909091 0.16393442622950818
1 0.5309090909090909 0.7950819672131147 0.09454545454545454 0.11475409836065574
1 0.4163636363636364 0.8060109289617486 0.08363636363636363 0.15846994535519127
1 0.7890909090909091 0.8224043715846995 0.16 0.14754098360655737
1 0.9418181818181818 0.953551912568306 0.08 0.09289617486338798
1 0.5054545454545455 0.26229508196721313 0.02181818181818182 0.0546448087431694
1 0.4490909090909091 0.2677595628415301 0.03272727272727273 0.03278688524590164
1 0.4727272727272727 0.273224043715847 0.19636363636363635 0.07650273224043716
1 0.48363636363636364 0.33060109289617484 0.08 0.08196721311475409
1 0.6236363636363637 0.3879781420765027 0.05454545454545454 0.08743169398907104
0 0.48 0.3989071038251366 0.24 0.20765027322404372
1 0.6818181818181818 0.4344262295081967 0.04727272727272727 0.11475409836065574
1 0.7709090909090909 0.4781420765027322 0.08 0.12568306010928962
1 0.49636363636363634 0.49453551912568305 0.14181818181818182 0.14754098360655737
1 0.8618181818181818 0.5245901639344263 0.06545454545454546 0.07650273224043716
1 0.6163636363636363 0.5273224043715847 0.12727272727272726 0.14754098360655737