1 0.5175 0.328125 0.335 0.13392857142857142
1 0.4175 0.35044642857142855 0.0525 0.14732142857142858
1 0.50375 0.39955357142857145 0.0375 0.08035714285714286
1 0.295 0.5301339285714286 0.07 0.15401785714285715
0 0.5075 0.609375 0.355 0.4107142857142857
1 0.435 0.6294642857142857 0.225 0.32589285714285715
1 0.72 0.6540178571428571 0.03 0.08035714285714286
1 0.808125 0.7276785714285714 0.07875 0.12053571428571429
1 0.733125 0.7466517857142857 0.03125 0.05580357142857143
1 0.438125 0.7700892857142857 0.15125 0.24553571428571427
1 0.1125 0.7991071428571429 0.1175 0.17410714285714285
1 0.268125 0.8058035714285714 0.13125 0.20535714285714285
1 0.85125 0.8292410714285714 0.11 0.18526785714285715
1 0.514375 0.8404017857142857 0.13125 0.31919642857142855
1 0.749375 0.8850446428571429 0.16625 0.21651785714285715
1 0.67125 0.90625 0.1075 0.16964285714285715
1 0.186875 0.9140625 0.13625 0.171875
1 0.40625 0.9162946428571429 0.0425 0.12723214285714285
1 0.06125 0.9441964285714286 0.09 0.11160714285714286