1 0.2927272727272727 0.587431693989071 0.03272727272727273 0.060109289617486336
1 0.2927272727272727 0.6502732240437158 0.03272727272727273 0.0546448087431694
1 0.15272727272727274 0.6557377049180327 0.03636363636363636 0.06557377049180328
1 0.1690909090909091 0.6612021857923497 0.14181818181818182 0.16393442622950818
1 0.39090909090909093 0.6639344262295082 0.06909090909090909 0.12568306010928962
1 0.4509090909090909 0.6830601092896175 0.03636363636363636 0.07650273224043716
1 0.2781818181818182 0.73224043715847 0.19272727272727272 0.3825136612021858
1 0.45636363636363636 0.7404371584699454 0.07636363636363637 0.12568306010928962
1 0.1890909090909091 0.8114754098360656 0.08727272727272728 0.14754098360655737
1 0.0890909090909091 0.8360655737704918 0.07636363636363637 0.17486338797814208
1 0.5163636363636364 0.8442622950819673 0.08727272727272728 0.11475409836065574
1 0.43454545454545457 0.8770491803278688 0.19272727272727272 0.2459016393442623
1 0.28909090909090907 0.9098360655737705 0.14181818181818182 0.12568306010928962
1 0.43636363636363634 0.9480874316939891 0.06545454545454546 0.10382513661202186