1 0.49078947368421055 0.3543859649122807 0.11315789473684211 0.11228070175438597
1 0.4236842105263158 0.35964912280701755 0.09473684210526316 0.10175438596491228
1 0.475 0.39473684210526316 0.039473684210526314 0.05263157894736842
1 0.24210526315789474 0.4052631578947368 0.1 0.10175438596491228
1 0.49078947368421055 0.47368421052631576 0.06578947368421052 0.07719298245614035
1 0.17763157894736842 0.47368421052631576 0.12368421052631579 0.06315789473684211
1 0.4394736842105263 0.4982456140350877 0.18947368421052632 0.3017543859649123
1 0.34078947368421053 0.512280701754386 0.08157894736842106 0.0912280701754386
1 0.19342105263157894 0.543859649122807 0.15 0.1543859649122807
1 0.35526315789473684 0.5771929824561404 0.24210526315789474 0.312280701754386
1 0.2381578947368421 0.5824561403508772 0.07105263157894737 0.0912280701754386
1 0.4513157894736842 0.624561403508772 0.08157894736842106 0.07719298245614035
1 0.06315789473684211 0.7859649122807018 0.06842105263157895 0.07017543859649122
1 0.45263157894736844 0.7947368421052632 0.06842105263157895 0.06666666666666667
1 0.15657894736842104 0.8859649122807017 0.25526315789473686 0.22807017543859648
1 0.2802631578947368 0.9052631578947369 0.12368421052631579 0.06315789473684211
1 0.05131578947368421 0.9157894736842105 0.08157894736842106 0.16842105263157894
1 0.21052631578947367 0.9385964912280702 0.09473684210526316 0.08771929824561403
1 0.6447368421052632 0.2649122807017544 0.06315789473684211 0.07368421052631578
1 0.6289473684210526 0.2789473684210526 0.07894736842105263 0.09473684210526316
1 0.5263157894736842 0.2894736842105263 0.04736842105263158 0.07368421052631578
1 0.5842105263157895 0.34385964912280703 0.07894736842105263 0.11228070175438597