1 0.8527272727272728 0.5573770491803278 0.01818181818181818 0.02185792349726776
1 0.8836363636363637 0.5628415300546448 0.02181818181818182 0.03278688524590164
0 0.8672727272727273 0.5737704918032787 0.06181818181818182 0.14207650273224043
0 0.3527272727272727 0.6666666666666666 0.3054545454545455 0.29508196721311475
0 0.37272727272727274 0.7431693989071039 0.26545454545454544 0.44808743169398907
1 0.2018181818181818 0.8688524590163934 0.06909090909090909 0.12021857923497267
1 0.5345454545454545 0.8879781420765027 0.02909090909090909 0.060109289617486336
1 0.3527272727272727 0.43169398907103823 0.27636363636363637 0.17486338797814208
1 0.35818181818181816 0.43169398907103823 0.06181818181818182 0.08743169398907104
1 0.28363636363636363 0.4426229508196721 0.05090909090909091 0.06557377049180328
1 0.44 0.4453551912568306 0.05090909090909091 0.09289617486338798
1 0.3236363636363636 0.49453551912568305 0.06545454545454546 0.04918032786885246