0 0.5919811320754716 0.28851540616246496 0.19654088050314467 0.3081232492997199
1 0.4591194968553459 0.3851540616246499 0.06918238993710692 0.06442577030812324
1 0.360062893081761 0.3865546218487395 0.07232704402515723 0.0896358543417367
1 0.6588050314465409 0.4579831932773109 0.1289308176100629 0.19887955182072828
1 0.6619496855345912 0.46638655462184875 0.18553459119496854 0.19327731092436976
1 0.3710691823899371 0.5196078431372549 0.07547169811320754 0.07563025210084033
1 0.7389937106918238 0.6092436974789915 0.050314465408805034 0.06442577030812324
1 0.5911949685534591 0.6120448179271709 0.12264150943396226 0.11484593837535013
1 0.470125786163522 0.6862745098039216 0.6037735849056604 0.6274509803921569
1 0.4025157232704403 0.7492997198879552 0.0440251572327044 0.13725490196078433
1 0.3333333333333333 0.7675070028011205 0.0660377358490566 0.11764705882352941
1 0.26257861635220126 0.8361344537815126 0.08490566037735849 0.13725490196078433
1 0.6509433962264151 0.8739495798319328 0.11320754716981132 0.18487394957983194
1 0.3694968553459119 0.9523809523809523 0.09119496855345911 0.0784313725490196