1 0.8802816901408451 0.6440677966101694 0.1267605633802817 0.2033898305084746
1 0.721830985915493 0.7146892655367232 0.20422535211267606 0.288135593220339
1 0.8045774647887324 0.7146892655367232 0.3767605633802817 0.5254237288135594
1 0.4630281690140845 0.7966101694915254 0.2007042253521127 0.22598870056497175
1 0.9278169014084507 0.8615819209039548 0.11619718309859155 0.12994350282485875
1 0.8345070422535211 0.8813559322033898 0.11971830985915492 0.1694915254237288
1 0.8926056338028169 0.2655367231638418 0.06690140845070422 0.05649717514124294
0 0.8943661971830986 0.3248587570621469 0.09859154929577464 0.062146892655367235
1 0.7429577464788732 0.3700564971751412 0.06338028169014084 0.12994350282485875
1 0.9119718309859155 0.4180790960451977 0.07042253521126761 0.12429378531073447
1 0.7112676056338029 0.5028248587570622 0.08450704225352113 0.1807909604519774
1 0.41901408450704225 0.5084745762711864 0.07042253521126761 0.1807909604519774