1 0.4816666666666667 0.2756892230576441 0.19 0.08020050125313283
1 0.48833333333333334 0.31954887218045114 0.05333333333333334 0.07268170426065163
1 0.6283333333333333 0.38972431077694236 0.043333333333333335 0.07268170426065163
1 0.68 0.39724310776942356 0.06333333333333334 0.07268170426065163
0 0.4866666666666667 0.42105263157894735 0.24333333333333335 0.23057644110275688
1 0.6075 0.5200501253132832 0.08833333333333333 0.10776942355889724
1 0.7491666666666666 0.5263157894736842 0.06833333333333333 0.13032581453634084
1 0.8616666666666667 0.556390977443609 0.22 0.17543859649122806
1 0.4083333333333333 0.5764411027568922 0.06666666666666667 0.08521303258145363
1 0.655 0.631578947368421 0.1 0.11528822055137844
1 0.42583333333333334 0.7167919799498746 0.345 0.3157894736842105
1 0.7758333333333334 0.7180451127819549 0.18166666666666667 0.41353383458646614
1 0.29583333333333334 0.7243107769423559 0.20833333333333334 0.20050125313283207
1 0.5841666666666666 0.7393483709273183 0.14833333333333334 0.09022556390977443
1 0.4533333333333333 0.7769423558897243 0.13333333333333333 0.13533834586466165
1 0.755 0.8007518796992481 0.15333333333333332 0.10776942355889724
1 0.94 0.9448621553884712 0.08333333333333333 0.11027568922305764