1 0.46044921875 0.3372395833333333 0.2529296875 0.13541666666666666
1 0.19580078125 0.5143229166666666 0.1396484375 0.16927083333333334
0 0.4921875 0.529296875 0.109375 0.24348958333333334
0 0.326171875 0.53515625 0.130859375 0.3307291666666667
0 0.71484375 0.5462239583333334 0.13671875 0.3424479166666667
1 0.884765625 0.6171875 0.228515625 0.16145833333333334
1 0.9091796875 0.6197916666666666 0.181640625 0.22916666666666666
1 0.607421875 0.62890625 0.095703125 0.2265625
1 0.1708984375 0.630859375 0.1953125 0.22786458333333334
1 0.53759765625 0.7076822916666666 0.2158203125 0.13932291666666666
1 0.27978515625 0.7415364583333334 0.0947265625 0.08723958333333333
1 0.37939453125 0.7428385416666666 0.1357421875 0.08723958333333333
1 0.36376953125 0.8313802083333334 0.1220703125 0.07161458333333333