0 0.6602316602316602 0.5463917525773195 0.23166023166023167 0.29896907216494845
1 0.444015444015444 0.5773195876288659 0.10810810810810811 0.24742268041237114
1 0.3281853281853282 0.6056701030927835 0.10038610038610038 0.14948453608247422
1 0.33783783783783783 0.6108247422680413 0.38996138996138996 0.18041237113402062
1 0.8011583011583011 0.615979381443299 0.04247104247104247 0.13917525773195877
1 0.15057915057915058 0.6262886597938144 0.08494208494208494 0.08762886597938144
1 0.33976833976833976 0.729381443298969 0.14671814671814673 0.0979381443298969
1 0.5965250965250966 0.7603092783505154 0.06563706563706563 0.08762886597938144
1 0.47104247104247104 0.7809278350515464 0.12355212355212356 0.11855670103092783
1 0.666023166023166 0.3118556701030928 0.24324324324324326 0.17010309278350516
1 0.584942084942085 0.3247422680412371 0.13513513513513514 0.15463917525773196
1 0.7355212355212355 0.3427835051546392 0.1583011583011583 0.2422680412371134