1 0.5246875 0.8318619582664526 0.054375 0.09390048154093097
1 0.6125 0.836677367576244 0.11625 0.11958266452648475
1 0.700625 0.8571428571428571 0.59875 0.2857142857142857
1 0.7421875 0.8900481540930979 0.093125 0.15409309791332262
1 0.4978125 0.9213483146067416 0.135625 0.12038523274478331
1 0.640625 0.9341894060995185 0.11 0.12359550561797752
1 0.2684375 0.9458266452648475 0.151875 0.10834670947030497
1 0.188125 0.9538523274478331 0.1125 0.09229534510433386
1 0.790625 0.9839486356340289 0.195 0.03210272873194221
1 0.50625 0.3418940609951846 0.15875 0.23274478330658105
1 0.9428125 0.3760032102728732 0.105625 0.2014446227929374
1 0.7334375 0.3812199036918138 0.159375 0.1348314606741573
1 0.47 0.4153290529695024 0.11375 0.13081861958266452
1 0.6328125 0.42576243980738365 0.095625 0.19662921348314608
1 0.31875 0.4337881219903692 0.12375 0.12439807383627609
1 0.33625 0.434991974317817 0.35875 0.16211878009630817
1 0.2059375 0.45425361155698235 0.126875 0.060995184590690206
1 0.36125 0.4891653290529695 0.09375 0.0826645264847512
1 0.7621875 0.5088282504012841 0.279375 0.19743178170144463
1 0.505 0.6195826645264848 0.08125 0.11075441412520064
1 0.7115625 0.6793739967897271 0.090625 0.17736757624398075
0 0.2996875 0.7046548956661316 0.291875 0.4446227929373997
1 0.8940625 0.793338683788122 0.211875 0.24157303370786518