1 0.49485000000000007 0.16057416267942584 0.3883333333333333 0.15151515151515152
0 0.4795833333333333 0.3578309409888357 0.3775 0.18819776714513556
0 0.8235583333333333 0.5103668261562998 0.09 0.47527910685805425
0 0.7698083333333333 0.5181180223285486 0.13916666666666666 0.48325358851674644
1 0.30291666666666667 0.5255183413078149 0.10416666666666667 0.1674641148325359
0 0.709025 0.5456778309409888 0.11 0.5311004784688995
0 0.5895833333333333 0.6004784688995215 0.1375 0.5534290271132376
1 0.19333333333333333 0.6610845295055822 0.15 0.2982456140350877
1 0.47833333333333333 0.696969696969697 0.15 0.31259968102073366
1 0.25416666666666665 0.8157894736842105 0.2683333333333333 0.3684210526315789
1 0.6654166666666667 0.13556618819776714 0.3958333333333333 0.2551834130781499
1 0.5933333333333334 0.15550239234449761 0.2866666666666667 0.2535885167464115