1 0.3416666666666667 0.6755952380952381 0.24333333333333335 0.19642857142857142
1 0.495 0.7083333333333334 0.043333333333333335 0.10714285714285714
1 0.8433333333333334 0.7261904761904762 0.12666666666666668 0.2857142857142857
1 0.7433333333333333 0.7708333333333334 0.16 0.23214285714285715
1 0.5033333333333333 0.3482142857142857 0.16 0.10119047619047619
1 0.17833333333333334 0.35119047619047616 0.07666666666666666 0.09523809523809523
1 0.36666666666666664 0.3541666666666667 0.13333333333333333 0.08928571428571429
1 0.255 0.35714285714285715 0.11666666666666667 0.08333333333333333
1 0.6966 0.36166666666666664 0.22333333333333333 0.13095238095238096
0 0.16443333333333332 0.4880952380952381 0.07333333333333333 0.17857142857142858
0 0.24833333333333332 0.5 0.11 0.16666666666666666
0 0.36 0.5059523809523809 0.12 0.17857142857142858
0 0.5016666666666667 0.5386904761904762 0.16333333333333333 0.23214285714285715
0 0.68 0.5505952380952381 0.18 0.22023809523809523
1 0.8 0.5595238095238095 0.05333333333333334 0.11904761904761904