1 0.41119153674832964 0.11198738170347003 0.21770601336302894 0.15667718191377497
1 0.5584632516703786 0.2539432176656151 0.18151447661469933 0.15457413249211358
1 0.5949331848552338 0.30757097791798105 0.037305122494432075 0.10620399579390116
0 0.41592427616926503 0.31230283911671924 0.2984409799554566 0.3007360672975815
1 0.6358574610244989 0.3580441640378549 0.02338530066815145 0.10620399579390116
0 0.5929844097995546 0.3801261829652997 0.10690423162583519 0.18401682439537329
1 0.32293986636971045 0.4263932702418507 0.13028953229398663 0.21766561514195584
1 0.8129175946547884 0.4831756046267087 0.09688195991091314 0.07045215562565721
1 0.534521158129176 0.5473186119873817 0.09020044543429843 0.14826498422712933
1 0.1940423162583519 0.5683491062039958 0.15534521158129175 0.20294426919032596
1 0.3830734966592428 0.5783385909568874 0.16592427616926503 0.19768664563617244
1 0.7424832962138085 0.5788643533123028 0.06514476614699331 0.13144058885383805
1 0.8672048997772829 0.580441640378549 0.12193763919821826 0.10935856992639327
1 0.6461581291759465 0.6277602523659306 0.13307349665924276 0.3638275499474238
1 0.8257238307349666 0.6698212407991588 0.0779510022271715 0.12828601472134596
1 0.48134743875278396 0.7318611987381703 0.7789532293986637 0.5362776025236593