1 0.6270833333333333 0.561875 0.03916666666666667 0.09625
1 0.6179166666666667 0.590625 0.11916666666666667 0.06625
1 0.5091666666666667 0.601875 0.11833333333333333 0.07125
0 0.6295833333333334 0.67125 0.08916666666666667 0.0875
0 0.5079166666666667 0.684375 0.14583333333333334 0.10875
1 0.695 0.72625 0.03333333333333333 0.0875
1 0.41255000000000003 0.7757625 0.1725 0.07625
1 0.6429166666666667 0.798125 0.1425 0.11375
1 0.4483333333333333 0.811875 0.23166666666666666 0.13375
1 0.3570833333333333 0.86 0.08083333333333333 0.0425
1 0.29041666666666666 0.873125 0.05416666666666667 0.04375
1 0.24583333333333332 0.9 0.07 0.0325
1 0.099075 0.9424250000000001 0.16333333333333333 0.04125