1 0.1263537906137184 0.5659340659340659 0.10108303249097472 0.12087912087912088
1 0.9494584837545126 0.5714285714285714 0.06498194945848375 0.08791208791208792
1 0.7996389891696751 0.5769230769230769 0.08303249097472924 0.16483516483516483
1 0.2924187725631769 0.5879120879120879 0.1299638989169675 0.18681318681318682
1 0.6859205776173285 0.6043956043956044 0.12274368231046931 0.14285714285714285
1 0.6660649819494585 0.6263736263736264 0.1407942238267148 0.17582417582417584
1 0.48736462093862815 0.6620879120879121 0.9747292418772563 0.5
1 0.8989169675090253 0.695054945054945 0.10830324909747292 0.1043956043956044
1 0.18050541516245489 0.7362637362637363 0.22382671480144403 0.37362637362637363
1 0.7942238267148014 0.75 0.06498194945848375 0.1043956043956044
1 0.3628158844765343 0.0989010989010989 0.2563176895306859 0.16483516483516483
1 0.4187725631768953 0.0989010989010989 0.10830324909747292 0.18681318681318682
1 0.3285198555956679 0.10989010989010989 0.10830324909747292 0.16483516483516483
1 0.49097472924187724 0.1813186813186813 0.05776173285198556 0.15384615384615385
1 0.592057761732852 0.21428571428571427 0.06498194945848375 0.10989010989010989
1 0.6787003610108303 0.22802197802197802 0.05054151624548736 0.06043956043956044
1 0.5541516245487365 0.25824175824175827 0.08303249097472924 0.23076923076923078
0 0.35754512635379065 0.33571428571428574 0.33935018050541516 0.2692307692307692
1 0.30144404332129965 0.4010989010989011 0.17689530685920576 0.16483516483516483
0 0.6263537906137184 0.4065934065934066 0.09025270758122744 0.12087912087912088
1 0.8844765342960289 0.49725274725274726 0.07942238267148015 0.12637362637362637
1 0.4602888086642599 0.5 0.20577617328519857 0.2087912087912088
1 0.6913357400722022 0.5082417582417582 0.08303249097472924 0.06043956043956044