1 0.42 0.36875 0.055384615384615386 0.0675
1 0.11153846153846154 0.43 0.0876923076923077 0.06
1 0.7107692307692308 0.46375 0.07692307692307693 0.0825
1 0.35 0.4775 0.2569230769230769 0.225
1 0.36615384615384616 0.5 0.23384615384615384 0.14
1 0.6153846153846154 0.50375 0.09538461538461539 0.1475
1 0.6984615384615385 0.5375 0.08923076923076922 0.12
1 0.8061538461538461 0.5425 0.06153846153846154 0.105
1 0.11461538461538462 0.5625 0.13692307692307693 0.175
1 0.3476923076923077 0.57375 0.31384615384615383 0.3925
1 0.19615384615384615 0.63125 0.22615384615384615 0.1925
1 0.8769230769230769 0.7375 0.13538461538461538 0.105
1 0.8392307692307692 0.75 0.1 0.08
1 0.3323076923076923 0.76125 0.16307692307692306 0.1875
1 0.9292307692307692 0.76625 0.10153846153846154 0.1075
1 0.08846153846153847 0.80375 0.13076923076923078 0.2475
1 0.7692307692307693 0.81875 0.15076923076923077 0.1325
1 0.2246153846153846 0.8225 0.14461538461538462 0.115
1 0.40615384615384614 0.85625 0.1076923076923077 0.0975
1 0.02846153846153846 0.93 0.05692307692307692 0.13