1 0.6336206896551724 0.296551724137931 0.2396551724137931 0.11954022988505747
1 0.625 0.3160919540229885 0.13620689655172413 0.11724137931034483
0 0.6612068965517242 0.4747126436781609 0.3120689655172414 0.4206896551724138
0 0.6525862068965518 0.5379310344827586 0.2603448275862069 0.2942528735632184
1 0.3603448275862069 0.5482758620689655 0.1103448275862069 0.11724137931034483
1 0.3560344827586207 0.6149425287356322 0.41551724137931034 0.26436781609195403
1 0.8181034482758621 0.6149425287356322 0.10517241379310345 0.14942528735632185
1 0.3594827586206897 0.6333333333333333 0.08103448275862069 0.10804597701149425
1 0.23017241379310344 0.6367816091954023 0.11551724137931034 0.08275862068965517
1 0.5224137931034483 0.6540229885057471 0.08275862068965517 0.10344827586206896
1 0.45517241379310347 0.7517241379310344 0.16551724137931034 0.09655172413793103
1 0.5974137931034482 0.7517241379310344 0.13620689655172413 0.09195402298850575