1 0.6533333333333333 0.6917808219178082 0.04 0.1232876712328767
1 0.5633333333333334 0.702054794520548 0.08666666666666667 0.13013698630136986
1 0.5133333333333333 0.708904109589041 0.07333333333333333 0.19863013698630136
1 0.7333333333333333 0.7123287671232876 0.10666666666666667 0.3150684931506849
1 0.68 0.7773972602739726 0.24 0.22602739726027396
1 0.55 0.4486301369863014 0.06 0.08904109589041095
1 0.5716666666666667 0.4520547945205479 0.14333333333333334 0.136986301369863
1 0.5533333333333333 0.4691780821917808 0.04 0.07534246575342465
1 0.615 0.4828767123287671 0.07666666666666666 0.07534246575342465
1 0.4583333333333333 0.6472602739726028 0.05 0.07534246575342465
1 0.455 0.660958904109589 0.10333333333333333 0.18493150684931506