1 0.3435714285714286 0.29334500875656744 0.05857142857142857 0.03327495621716287
1 0.6792857142857143 0.30910683012259194 0.12428571428571429 0.07530647985989491
1 0.7371428571428571 0.3458844133099825 0.09142857142857143 0.1733800350262697
1 0.6764285714285714 0.37828371278458844 0.18714285714285714 0.18914185639229422
1 0.575 0.38266199649737304 0.07571428571428572 0.159369527145359
1 0.10928571428571429 0.4308231173380035 0.11285714285714285 0.04903677758318739
1 0.3921428571428571 0.5017513134851138 0.04428571428571428 0.0297723292469352
1 0.15357142857142858 0.7539404553415061 0.06142857142857143 0.043782837127845885
0 0.15428571428571428 0.7775831873905429 0.1 0.10507880910683012
0 0.41 0.7802101576182137 0.16285714285714287 0.2119089316987741
1 0.8764285714285714 0.7968476357267951 0.08142857142857143 0.024518388791593695
1 0.5021428571428571 0.8380035026269702 0.15285714285714286 0.08231173380035026
1 0.96 0.8528896672504378 0.05142857142857143 0.07005253940455342
1 0.8971428571428571 0.8581436077057794 0.10857142857142857 0.09457092819614711
1 0.11357142857142857 0.8686514886164624 0.16142857142857142 0.0840630472854641
1 0.7621428571428571 0.8739054290718039 0.10714285714285714 0.07005253940455342
1 0.24785714285714286 0.8765323992994746 0.11 0.11733800350262696
1 0.8221428571428572 0.8800350262697023 0.05857142857142857 0.08581436077057793
1 0.4035714285714286 0.8887915936952715 0.10714285714285714 0.09982486865148861
1 0.5071428571428571 0.9457092819614711 0.19428571428571428 0.1085814360770578
0 0.14642857142857144 0.10507880910683012 0.13 0.03852889667250438
1 0.3607142857142857 0.10770577933450087 0.10142857142857142 0.07530647985989491
1 0.05714285714285714 0.16199649737302976 0.10857142857142857 0.09281961471103327
1 0.18142857142857144 0.17162872154115585 0.10571428571428572 0.06654991243432574