1 0.7047101449275363 0.5491803278688525 0.04710144927536232 0.060109289617486336
1 0.375 0.5628415300546448 0.11231884057971014 0.07650273224043716
1 0.6431159420289855 0.6502732240437158 0.12681159420289856 0.1092896174863388
1 0.8442028985507246 0.6639344262295082 0.10144927536231885 0.11475409836065574
1 0.28442028985507245 0.6693989071038251 0.11956521739130435 0.08196721311475409
1 0.391304347826087 0.7103825136612022 0.10869565217391304 0.13114754098360656
1 0.6612318840579711 0.7185792349726776 0.2427536231884058 0.5519125683060109
1 0.47101449275362317 0.7431693989071039 0.07246376811594203 0.14207650273224043
1 0.6793478260869565 0.7786885245901639 0.10507246376811594 0.15846994535519127
1 0.6612318840579711 0.8032786885245902 0.213768115942029 0.39344262295081966
1 0.27355072463768115 0.8060109289617486 0.12681159420289856 0.08196721311475409
1 0.9202898550724637 0.8770491803278688 0.15942028985507245 0.2459016393442623
1 0.13949275362318841 0.9153005464480874 0.27898550724637683 0.16939890710382513
1 0.46195652173913043 0.9262295081967213 0.10507246376811594 0.14754098360655737
1 0.45471014492753625 0.5027322404371585 0.10507246376811594 0.06557377049180328
1 0.5887681159420289 0.5382513661202186 0.06884057971014493 0.060109289617486336
1 0.7916666666666666 0.5437158469945356 0.08333333333333333 0.09289617486338798