1 0.47007042253521125 0.5819209039548022 0.10211267605633803 0.14689265536723164
0 0.4595070422535211 0.5875706214689266 0.15845070422535212 0.14689265536723164
1 0.625 0.635593220338983 0.11619718309859155 0.14124293785310735
1 0.5985915492957746 0.7175141242937854 0.11971830985915492 0.11299435028248588
1 0.19718309859154928 0.7344632768361582 0.11267605633802817 0.1016949152542373
1 0.778169014084507 0.7372881355932204 0.11267605633802817 0.1977401129943503
1 0.6200704225352113 0.7457627118644068 0.545774647887324 0.2711864406779661
1 0.45422535211267606 0.7909604519774012 0.1056338028169014 0.12429378531073447
1 0.6830985915492958 0.7909604519774012 0.09859154929577464 0.15819209039548024
1 0.7922535211267606 0.8022598870056498 0.09154929577464789 0.13559322033898305
1 0.6373239436619719 0.8587570621468926 0.1056338028169014 0.1807909604519774
1 0.2623239436619718 0.864406779661017 0.10915492957746478 0.1807909604519774
1 0.1073943661971831 0.8757062146892656 0.08098591549295775 0.11299435028248588
1 0.4630281690140845 0.4774011299435028 0.12323943661971831 0.062146892655367235