1 0.49038461538461536 0.2717391304347826 0.10256410256410256 0.0748792270531401
1 0.5576923076923077 0.2741545893719807 0.15384615384615385 0.11352657004830918
1 0.6217948717948718 0.2886473429951691 0.05128205128205128 0.036231884057971016
1 0.7291666666666666 0.3140096618357488 0.07371794871794872 0.043478260869565216
1 0.7708333333333334 0.322463768115942 0.16987179487179488 0.07004830917874397
1 0.7868589743589743 0.322463768115942 0.07371794871794872 0.03140096618357488
1 0.8269230769230769 0.3309178743961353 0.057692307692307696 0.04830917874396135
1 0.4583333333333333 0.34541062801932365 0.21794871794871795 0.12560386473429952
1 0.6538461538461539 0.35144927536231885 0.14102564102564102 0.10386473429951691
1 0.33653846153846156 0.37077294685990336 0.07051282051282051 0.06521739130434782
1 0.46474358974358976 0.40458937198067635 0.12179487179487179 0.06521739130434782
1 0.25801282051282054 0.41304347826086957 0.060897435897435896 0.03864734299516908
1 0.3557692307692308 0.4384057971014493 0.09615384615384616 0.10386473429951691
1 0.4423076923076923 0.45652173913043476 0.08974358974358974 0.10628019323671498
1 0.5400641025641025 0.46980676328502413 0.13782051282051283 0.0893719806763285
0 0.7932692307692307 0.4855072463768116 0.1891025641025641 0.2608695652173913
0 0.7724358974358975 0.5108695652173914 0.21794871794871795 0.2971014492753623
1 0.34615384615384615 0.5374396135265701 0.14102564102564102 0.11835748792270531
0 0.4583333333333333 0.5772946859903382 0.5128205128205128 0.32367149758454106
0 0.46153846153846156 0.6099033816425121 0.46794871794871795 0.24879227053140096
1 0.3926282051282051 0.7669082125603864 0.07371794871794872 0.06038647342995169
1 0.5080128205128205 0.7729468599033816 0.0673076923076923 0.08695652173913043
1 0.6602564102564102 0.7729468599033816 0.07051282051282051 0.05314009661835749
1 0.32051282051282054 0.8164251207729468 0.17307692307692307 0.0821256038647343
1 0.21634615384615385 0.9070048309178744 0.13782051282051283 0.11835748792270531
1 0.532051282051282 0.2113526570048309 0.0641025641025641 0.050724637681159424