1 0.74375 0.3472222222222222 0.3125 0.20555555555555555
1 0.41458333333333336 0.36574074074074076 0.2569444444444444 0.16111111111111112
1 0.5847222222222223 0.4111111111111111 0.09166666666666666 0.0962962962962963
0 0.4125 0.5740740740740741 0.2777777777777778 0.32592592592592595
1 0.11875 0.6148148148148148 0.2375 0.5703703703703704
1 0.9472222222222222 0.6157407407407407 0.10555555555555556 0.26851851851851855
0 0.7451388888888889 0.6185185185185185 0.2986111111111111 0.37777777777777777
1 0.15208333333333332 0.7490740740740741 0.20694444444444443 0.19814814814814816
1 0.4597222222222222 0.774074074074074 0.21388888888888888 0.26666666666666666
1 0.6958333333333333 0.7888888888888889 0.1361111111111111 0.21481481481481482
1 0.8465277777777778 0.8435185185185186 0.14583333333333334 0.1648148148148148
1 0.6291666666666667 0.8694444444444445 0.6972222222222222 0.2611111111111111
1 0.5638888888888889 0.9222222222222223 0.21944444444444444 0.08888888888888889