1 0.3865979381443299 0.3996138996138996 0.030927835051546393 0.04247104247104247
1 0.47164948453608246 0.4015444015444015 0.05670103092783505 0.03861003861003861
1 0.5257731958762887 0.41505791505791506 0.10309278350515463 0.03474903474903475
1 0.6314432989690721 0.444015444015444 0.0979381443298969 0.04633204633204633
1 0.5231958762886598 0.47297297297297297 0.10824742268041238 0.06563706563706563
1 0.6958762886597938 0.5077220077220077 0.10309278350515463 0.06563706563706563
1 0.7783505154639175 0.5077220077220077 0.07216494845360824 0.05019305019305019
1 0.8195876288659794 0.5501930501930502 0.05154639175257732 0.08108108108108109
1 0.6649484536082474 0.5637065637065637 0.08247422680412371 0.10038610038610038
1 0.21391752577319587 0.5675675675675675 0.11855670103092783 0.07722007722007722
1 0.40463917525773196 0.5714285714285714 0.07731958762886598 0.11583011583011583
1 0.7474226804123711 0.5733590733590733 0.10309278350515463 0.08108108108108109
1 0.5335051546391752 0.5752895752895753 0.13917525773195877 0.16216216216216217
1 0.8788659793814433 0.6061776061776062 0.03608247422680412 0.04633204633204633
1 0.6443298969072165 0.6216216216216216 0.09278350515463918 0.03088803088803089
1 0.7319587628865979 0.6254826254826255 0.07216494845360824 0.04633204633204633
1 0.29381443298969073 0.640926640926641 0.061855670103092786 0.08494208494208494
1 0.1958762886597938 0.6428571428571429 0.09278350515463918 0.06563706563706563
1 0.43041237113402064 0.6525096525096525 0.11855670103092783 0.023166023166023165
1 0.6469072164948454 0.693050193050193 0.06701030927835051 0.019305019305019305
1 0.46134020618556704 0.7123552123552124 0.10824742268041238 0.05019305019305019
1 0.23969072164948454 0.7316602316602316 0.08762886597938144 0.06563706563706563