1 0.4708333333333333 0.2675 0.26166666666666666 0.245
1 0.3325 0.29875 0.11833333333333333 0.0925
1 0.3441666666666667 0.325 0.15833333333333333 0.105
1 0.14833333333333334 0.33625 0.16666666666666666 0.1375
1 0.3416666666666667 0.3725 0.27666666666666667 0.23
1 0.4216666666666667 0.38375 0.10666666666666667 0.1075
1 0.6391666666666667 0.425 0.10833333333333334 0.105
1 0.5366666666666666 0.505 0.09666666666666666 0.125
1 0.6158333333333333 0.53875 0.09833333333333333 0.1425
1 0.4891666666666667 0.545 0.135 0.09
1 0.4275 0.5775 0.08166666666666667 0.06
0 0.39666666666666667 0.6825 0.6766666666666666 0.485
1 0.835 0.83125 0.22666666666666666 0.2825
1 0.5041666666666667 0.88 0.17166666666666666 0.19
1 0.5166666666666667 0.23375 0.11 0.1175