1 0.21666666666666667 0.6339285714285714 0.07333333333333333 0.1130952380952381
1 0.6116666666666667 0.6369047619047619 0.06333333333333334 0.09523809523809523
1 0.7033333333333334 0.6369047619047619 0.05333333333333334 0.09523809523809523
1 0.2 0.6636904761904762 0.05333333333333334 0.10119047619047619
1 0.35333333333333333 0.6875 0.1 0.05357142857142857
1 0.2633333333333333 0.28273809523809523 0.08 0.06547619047619048
1 0.405 0.29464285714285715 0.06333333333333334 0.06547619047619048
1 0.5266666666666666 0.30654761904761907 0.04666666666666667 0.05357142857142857
1 0.545 0.30952380952380953 0.23666666666666666 0.09523809523809523
1 0.30833333333333335 0.3125 0.17 0.125
1 0.5183333333333333 0.38095238095238093 0.043333333333333335 0.047619047619047616
0 0.545 0.47619047619047616 0.15666666666666668 0.25
1 0.18166666666666667 0.4791666666666667 0.06333333333333334 0.1488095238095238
0 0.3 0.48214285714285715 0.18666666666666668 0.2261904761904762
0 0.305 0.5 0.18333333333333332 0.2619047619047619
1 0.4266666666666667 0.5119047619047619 0.07333333333333333 0.09523809523809523
1 0.6833333333333333 0.5535714285714286 0.08666666666666667 0.10714285714285714
1 0.11333333333333333 0.5565476190476191 0.04 0.05357142857142857
1 0.15166666666666667 0.5654761904761905 0.03666666666666667 0.15476190476190477
1 0.08333333333333333 0.5833333333333334 0.06666666666666667 0.08333333333333333