1 0.49019607843137253 0.6303030303030303 0.16339869281045752 0.18181818181818182
1 0.4019607843137255 0.6393939393939394 0.0784313725490196 0.2
1 0.2369281045751634 0.6393939393939394 0.10130718954248366 0.1393939393939394
1 0.3480392156862745 0.703030303030303 0.07516339869281045 0.10909090909090909
1 0.5898692810457516 0.7818181818181819 0.14705882352941177 0.23030303030303031
1 0.7156862745098039 0.7818181818181819 0.12418300653594772 0.13333333333333333
1 0.3790849673202614 0.8151515151515152 0.0784313725490196 0.1393939393939394
1 0.4526143790849673 0.8484848484848485 0.12091503267973856 0.14545454545454545
1 0.272875816993464 0.8515151515151516 0.16013071895424835 0.17575757575757575
1 0.547843137254902 0.8727272727272727 0.08169934640522876 0.09696969696969697
1 0.5931372549019608 0.15151515151515152 0.09477124183006536 0.048484848484848485
1 0.3300653594771242 0.18484848484848485 0.30718954248366015 0.22424242424242424
1 0.6143790849673203 0.2 0.24836601307189543 0.18181818181818182
1 0.4362745098039216 0.24242424242424243 0.09477124183006536 0.10909090909090909
1 0.22549019607843138 0.2515151515151515 0.0718954248366013 0.04242424242424243
1 0.545751633986928 0.2545454545454545 0.06535947712418301 0.03636363636363636
1 0.3235294117647059 0.2727272727272727 0.05228758169934641 0.048484848484848485
1 0.6584967320261438 0.2909090909090909 0.06209150326797386 0.07272727272727272
1 0.13562091503267973 0.4393939393939394 0.09477124183006536 0.12727272727272726
1 0.19607843137254902 0.4484848484848485 0.06535947712418301 0.12121212121212122
0 0.3202614379084967 0.47575757575757577 0.2875816993464052 0.44242424242424244
0 0.6094771241830066 0.5 0.2777777777777778 0.4303030303030303
1 0.22875816993464052 0.5545454545454546 0.06535947712418301 0.09090909090909091