1 0.6231884057971014 0.054945054945054944 0.10144927536231885 0.054945054945054944
1 0.8297101449275363 0.6318681318681318 0.16666666666666666 0.1978021978021978
1 0.3822463768115942 0.6373626373626373 0.17028985507246377 0.18681318681318682
1 0.6068840579710145 0.6401098901098901 0.2572463768115942 0.2032967032967033
1 0.3442028985507246 0.7445054945054945 0.42028985507246375 0.2692307692307692
1 0.7735507246376812 0.7747252747252747 0.17028985507246377 0.0989010989010989
1 0.49818840579710144 0.7802197802197802 0.17028985507246377 0.26373626373626374
1 0.322463768115942 0.8159340659340659 0.1956521739130435 0.24725274725274726
1 0.42028985507246375 0.1620879120879121 0.13043478260869565 0.1043956043956044
1 0.7028985507246377 0.22802197802197802 0.07971014492753623 0.21428571428571427
1 0.358695652173913 0.23901098901098902 0.14492753623188406 0.11538461538461539
0 0.5942028985507246 0.26373626373626374 0.16666666666666666 0.3516483516483517
0 0.6757246376811594 0.30494505494505497 0.0036231884057971015 0.005494505494505495
1 0.7844202898550725 0.3489010989010989 0.17028985507246377 0.11538461538461539
1 0.6956521739130435 0.40384615384615385 0.06521739130434782 0.19230769230769232
1 0.27355072463768115 0.43131868131868134 0.14855072463768115 0.13736263736263737
1 0.35144927536231885 0.43956043956043955 0.3188405797101449 0.3076923076923077
1 0.7807971014492754 0.4697802197802198 0.09782608695652174 0.09340659340659341
1 0.7028985507246377 0.4807692307692308 0.2898550724637681 0.13736263736263737
1 0.6086956521739131 0.04945054945054945 0.15217391304347827 0.0989010989010989