1 0.4928571428571429 0.21689059500959693 0.10952380952380952 0.053742802303262956
1 0.5976190476190476 0.23032629558541268 0.10634920634920635 0.08829174664107485
1 0.5166666666666667 0.255278310940499 0.30634920634920637 0.14587332053742802
1 0.5325396825396825 0.27543186180422263 0.11587301587301588 0.0671785028790787
1 0.43412698412698414 0.2888675623800384 0.09365079365079365 0.044145873320537425
0 0.4873015873015873 0.3867562380038388 0.24761904761904763 0.1401151631477927
1 0.6587301587301587 0.42418426103646834 0.09841269841269841 0.15738963531669867
0 0.5142857142857142 0.45009596928982726 0.28253968253968254 0.29366602687140114
1 0.680952380952381 0.45297504798464494 0.16825396825396827 0.19193857965451055
1 0.6095238095238096 0.5345489443378119 0.07936507936507936 0.1362763915547025
1 0.3904761904761905 0.6449136276391555 0.16825396825396827 0.11132437619961612
1 0.5007936507936508 0.6612284069097889 0.11904761904761904 0.2706333973128599
1 0.9277777777777778 0.6689059500959693 0.10952380952380952 0.1017274472168906
1 0.8357142857142857 0.6698656429942419 0.1349206349206349 0.1381957773512476
1 0.2777777777777778 0.6928982725527831 0.1365079365079365 0.21113243761996162
1 0.7436507936507937 0.7418426103646834 0.14444444444444443 0.1746641074856046
1 0.5976190476190476 0.746641074856046 0.12222222222222222 0.15355086372360843