1 0.14666666666666667 0.5982142857142857 0.08 0.08928571428571429
1 0.3383333333333333 0.6369047619047619 0.07666666666666666 0.17857142857142858
1 0.49333333333333335 0.6547619047619048 0.13333333333333333 0.15476190476190477
1 0.23833333333333334 0.6547619047619048 0.13666666666666666 0.11904761904761904
1 0.5683333333333334 0.8035714285714286 0.16333333333333333 0.13095238095238096
1 0.3383333333333333 0.8095238095238095 0.06333333333333334 0.05952380952380952
1 0.6566666666666666 0.9464285714285714 0.06666666666666667 0.08333333333333333
1 0.285 0.36607142857142855 0.06333333333333334 0.1130952380952381
1 0.39 0.43154761904761907 0.09333333333333334 0.10119047619047619
1 0.20166666666666666 0.4583333333333333 0.09 0.11904761904761904
1 0.27166666666666667 0.5238095238095238 0.09666666666666666 0.16666666666666666
1 0.42833333333333334 0.5565476190476191 0.09 0.08928571428571429
1 0.21833333333333332 0.5803571428571429 0.17666666666666667 0.48214285714285715