1 0.5107142857142857 0.27099236641221375 0.1957142857142857 0.07888040712468193
1 0.5771428571428572 0.27353689567430023 0.06571428571428571 0.0737913486005089
1 0.48857142857142855 0.28880407124681934 0.08571428571428572 0.089058524173028
1 0.28 0.2989821882951654 0.2057142857142857 0.11450381679389313
1 0.34285714285714286 0.3015267175572519 0.06857142857142857 0.0737913486005089
1 0.24785714285714286 0.30661577608142493 0.09857142857142857 0.06870229007633588
1 0.145 0.34096692111959287 0.06714285714285714 0.04071246819338423
1 0.6335714285714286 0.361323155216285 0.041428571428571426 0.0916030534351145
1 0.6921428571428572 0.41603053435114506 0.11285714285714285 0.11959287531806616
1 0.7364285714285714 0.46055979643765904 0.10142857142857142 0.11704834605597965
0 0.5178571428571429 0.46564885496183206 0.22142857142857142 0.3053435114503817
1 0.39571428571428574 0.4860050890585242 0.04857142857142857 0.0916030534351145
1 0.7414285714285714 0.510178117048346 0.18285714285714286 0.272264631043257
0 0.26357142857142857 0.5381679389312977 0.25285714285714284 0.40458015267175573
1 0.7457142857142857 0.5381679389312977 0.09714285714285714 0.10941475826972011
1 0.6571428571428571 0.6221374045801527 0.2057142857142857 0.13486005089058525
1 0.5278571428571428 0.6424936386768448 0.032857142857142856 0.10432569974554708
1 0.4642857142857143 0.6552162849872774 0.07428571428571429 0.10941475826972011
1 0.3364285714285714 0.6793893129770993 0.12428571428571429 0.07633587786259542
1 0.06785714285714285 0.7022900763358778 0.08428571428571428 0.07633587786259542
1 0.16285714285714287 0.7264631043256997 0.054285714285714284 0.0737913486005089