1 0.7808219178082192 0.4329268292682927 0.09315068493150686 0.2804878048780488
0 0.1304931506849315 0.4436829268292683 0.19315068493150686 0.17317073170731706
1 0.923972602739726 0.474390243902439 0.1136986301369863 0.3829268292682927
1 0.8719178082191781 0.524390243902439 0.25616438356164384 0.43414634146341463
1 0.021232876712328767 0.5719512195121951 0.03972602739726028 0.23658536585365852
1 0.7657534246575343 0.6085365853658536 0.1863013698630137 0.32926829268292684
1 0.5904109589041096 0.6097560975609756 0.1506849315068493 0.25365853658536586
1 0.44246575342465755 0.6207317073170732 0.13150684931506848 0.3097560975609756
1 0.14726027397260275 0.6853658536585366 0.09726027397260274 0.1902439024390244
1 0.07260273972602739 0.6926829268292682 0.13424657534246576 0.3170731707317073
1 0.8561643835616438 0.7926829268292683 0.2876712328767123 0.32682926829268294
1 0.45684931506849313 0.8256097560975609 0.25068493150684934 0.348780487804878
1 0.07534246575342465 0.8414634146341463 0.14246575342465753 0.18048780487804877