1 0.3416988416988417 0.5282051282051282 0.16602316602316602 0.19487179487179487
1 0.6158301158301158 0.5435897435897435 0.7606177606177607 0.15384615384615385
1 0.8861003861003861 0.7102564102564103 0.20463320463320464 0.18974358974358974
1 0.5173745173745173 0.7743589743589744 0.16988416988416988 0.17435897435897435
1 0.61003861003861 0.2564102564102564 0.11583011583011583 0.13333333333333333
0 0.4111969111969112 0.28974358974358977 0.1969111969111969 0.30256410256410254
1 0.5212355212355212 0.29743589743589743 0.07722007722007722 0.17435897435897435
1 0.26640926640926643 0.3564102564102564 0.12355212355212356 0.13846153846153847
1 0.7451737451737451 0.36923076923076925 0.10038610038610038 0.20512820512820512
1 0.6274131274131274 0.4205128205128205 0.16602316602316602 0.22564102564102564
1 0.1640926640926641 0.48717948717948717 0.2277992277992278 0.26666666666666666
1 0.4111969111969112 0.4897435897435897 0.1969111969111969 0.1794871794871795