1 0.5846875 0.14666666666666667 0.161875 0.11333333333333333
1 0.424375 0.18875 0.0975 0.08916666666666667
1 0.2421875 0.24708333333333332 0.064375 0.05583333333333333
1 0.599375 0.2475 0.085 0.16833333333333333
1 0.713125 0.2504166666666667 0.10375 0.22916666666666666
1 0.3578125 0.2825 0.168125 0.17166666666666666
1 0.5521875 0.41208333333333336 0.414375 0.4525
1 0.35625 0.44333333333333336 0.3175 0.14
1 0.3784375 0.4554166666666667 0.224375 0.22416666666666665
1 0.4925 0.56375 0.21625 0.2608333333333333
1 0.8684375 0.67 0.145625 0.15666666666666668
1 0.1965625 0.7425 0.123125 0.08833333333333333
1 0.32125 0.7629166666666667 0.13625 0.10083333333333333