1 0.8129032258064516 0.7607361963190185 0.36129032258064514 0.4785276073619632
1 0.45161290322580644 0.7699386503067485 0.36129032258064514 0.44785276073619634
1 0.3467741935483871 0.8650306748466258 0.24838709677419354 0.2085889570552147
0 0.3403225806451613 0.2085889570552147 0.07419354838709677 0.12269938650306748
0 0.4524516129032258 0.2723926380368098 0.15806451612903225 0.1901840490797546
0 0.614516129032258 0.3558282208588957 0.24838709677419354 0.31901840490797545
0 0.6225806451612903 0.36503067484662577 0.21935483870967742 0.3006134969325153
1 0.24516129032258063 0.44785276073619634 0.25806451612903225 0.4662576687116564
1 0.3891612903225806 0.4876073619631902 0.19032258064516128 0.3558282208588957
1 0.8435483870967742 0.5950920245398773 0.12580645161290321 0.294478527607362
1 0.21935483870967742 0.6042944785276073 0.3161290322580645 0.4233128834355828