1 0.22393822393822393 0.5644329896907216 0.03088803088803089 0.03608247422680412
1 0.16988416988416988 0.595360824742268 0.04633204633204633 0.04639175257731959
1 0.4189189189189189 0.6520618556701031 0.03474903474903475 0.04639175257731959
1 0.5521235521235521 0.6520618556701031 0.4247104247104247 0.18041237113402062
1 0.5617760617760618 0.6572164948453608 0.06563706563706563 0.08762886597938144
1 0.3783783783783784 0.6623711340206185 0.08494208494208494 0.13917525773195877
1 0.5366795366795367 0.6675257731958762 0.2702702702702703 0.15979381443298968
1 0.4266409266409266 0.7010309278350515 0.04247104247104247 0.061855670103092786
1 0.6621621621621622 0.7036082474226805 0.06563706563706563 0.07731958762886598
1 0.7799227799227799 0.7036082474226805 0.05405405405405406 0.06701030927835051
1 0.7142857142857143 0.7216494845360825 0.05405405405405406 0.07216494845360824
1 0.14285714285714285 0.7268041237113402 0.05405405405405406 0.061855670103092786
0 0.34555984555984554 0.5077319587628866 0.16602316602316602 0.20103092783505155