1 0.7001557632398754 0.31690140845070425 0.08878504672897196 0.13802816901408452
0 0.45716510903426794 0.3464788732394366 0.14485981308411214 0.24225352112676057
1 0.618380062305296 0.4112676056338028 0.2554517133956386 0.2140845070422535
1 0.5093457943925234 0.5816901408450704 0.20249221183800623 0.21690140845070421
0 0.22118380062305296 0.5915492957746479 0.3395638629283489 0.5183098591549296
1 0.4384735202492212 0.7577464788732394 0.1791277258566978 0.37746478873239436
1 0.0763239875389408 0.8352112676056338 0.14330218068535824 0.3295774647887324
1 0.17367601246105918 0.9394366197183098 0.2850467289719626 0.12112676056338029
1 0.45404984423676015 0.15211267605633802 0.11059190031152648 0.15774647887323945
1 0.5833333333333334 0.2028169014084507 0.1292834890965732 0.21971830985915494
1 0.2538940809968847 0.22816901408450704 0.30218068535825543 0.10140845070422536