1 0.11380597014925373 0.5585106382978723 0.13059701492537312 0.11702127659574468
1 0.5 0.574468085106383 0.09701492537313433 0.10638297872340426
1 0.8451492537313433 0.5797872340425532 0.13059701492537312 0.1276595744680851
1 0.31156716417910446 0.6888297872340425 0.13059701492537312 0.19680851063829788
1 0.7220149253731343 0.7074468085106383 0.10820895522388059 0.2765957446808511
1 0.12686567164179105 0.7074468085106383 0.1791044776119403 0.13829787234042554
1 0.5354477611940298 0.7207446808510638 0.16044776119402984 0.15425531914893617
1 0.9626865671641791 0.7420212765957447 0.07462686567164178 0.3670212765957447
1 0.8544776119402985 0.7712765957446809 0.09701492537313433 0.23404255319148937
1 0.6847014925373134 0.29521276595744683 0.048507462686567165 0.0797872340425532
1 0.09701492537313433 0.31648936170212766 0.16417910447761194 0.0797872340425532
1 0.3694029850746269 0.32180851063829785 0.19402985074626866 0.11170212765957446
1 0.35074626865671643 0.3271276595744681 0.05970149253731343 0.06914893617021277
1 0.7126865671641791 0.3324468085106383 0.22388059701492538 0.11170212765957446
1 0.13246268656716417 0.3324468085106383 0.033582089552238806 0.047872340425531915
1 0.06343283582089553 0.3351063829787234 0.04477611940298507 0.05319148936170213
1 0.7257462686567164 0.3484042553191489 0.08582089552238806 0.0797872340425532
1 0.6492537313432836 0.35638297872340424 0.06716417910447761 0.09574468085106383
0 0.10820895522388059 0.47074468085106386 0.21641791044776118 0.19680851063829788
1 0.47947761194029853 0.4787234042553192 0.0708955223880597 0.1702127659574468
0 0.38552238805970146 0.48404255319148937 0.2462686567164179 0.2127659574468085
0 0.7052238805970149 0.523936170212766 0.26119402985074625 0.2712765957446808