1 0.2904929577464789 0.5734463276836158 0.5809859154929577 0.3107344632768362
1 0.3908450704225352 0.6271186440677966 0.11267605633802817 0.1016949152542373
1 0.7992957746478874 0.6497175141242938 0.4014084507042254 0.655367231638418
1 0.23591549295774647 0.7231638418079096 0.07042253521126761 0.13559322033898305
1 0.7077464788732394 0.7570621468926554 0.06338028169014084 0.13559322033898305
1 0.3362676056338028 0.7909604519774012 0.0528169014084507 0.13559322033898305
1 0.8785211267605634 0.8757062146892656 0.1443661971830986 0.12429378531073447
1 0.49295774647887325 0.9180790960451978 0.13380281690140844 0.15254237288135594
1 0.5757042253521126 0.3050847457627119 0.0880281690140845 0.05649717514124294
1 0.477112676056338 0.3163841807909605 0.0528169014084507 0.07909604519774012
1 0.477112676056338 0.3163841807909605 0.31338028169014087 0.07909604519774012
0 0.5316901408450704 0.4209039548022599 0.15492957746478872 0.096045197740113
0 0.3785211267605634 0.4378531073446328 0.13732394366197184 0.11864406779661017
1 0.6267605633802817 0.5141242937853108 0.1267605633802817 0.1016949152542373
1 0.2975352112676056 0.5282485875706214 0.09507042253521127 0.0847457627118644
1 0.7904929577464789 0.5508474576271186 0.13028169014084506 0.1977401129943503