1 0.43472222222222223 0.35208333333333336 0.05277777777777778 0.03333333333333333
1 0.5541666666666667 0.3697916666666667 0.041666666666666664 0.027083333333333334
1 0.46111111111111114 0.39895833333333336 0.08888888888888889 0.08541666666666667
1 0.8805555555555555 0.6645833333333333 0.1388888888888889 0.12916666666666668
1 0.4875 0.6729166666666667 0.18611111111111112 0.15833333333333333
1 0.7125 0.709375 0.125 0.08125
1 0.7 0.721875 0.16111111111111112 0.13541666666666666
1 0.7138888888888889 0.7666666666666667 0.5722222222222222 0.3416666666666667
1 0.9083333333333333 0.821875 0.18333333333333332 0.14791666666666667
1 0.6708333333333333 0.8770833333333333 0.14166666666666666 0.07916666666666666
1 0.6972222222222222 0.9197916666666667 0.16666666666666666 0.12291666666666666
1 0.7444444444444445 0.971875 0.07222222222222222 0.04791666666666667
1 0.9791666666666666 0.98125 0.041666666666666664 0.0375