0 0.6932203389830508 0.2648456057007126 0.23389830508474577 0.27315914489311166
0 0.6245762711864407 0.35748218527315917 0.09322033898305085 0.4916864608076009
0 0.7127118644067797 0.3586698337292161 0.17796610169491525 0.5463182897862233
0 0.4542372881355932 0.44655581947743467 0.26101694915254237 0.1995249406175772
0 0.5516949152542373 0.47862232779097386 0.059322033898305086 0.33016627078384797
1 0.823728813559322 0.5190023752969121 0.1152542372881356 0.22565320665083136
1 0.22966101694915253 0.5641330166270784 0.23898305084745763 0.39667458432304037
0 0.488135593220339 0.5643467933491687 0.05084745762711865 0.38004750593824227
1 0.7389830508474576 0.6057007125890737 0.11186440677966102 0.11401425178147269
1 0.27288135593220336 0.7494061757719715 0.3864406779661017 0.501187648456057
1 0.6703389830508475 0.838479809976247 0.3983050847457627 0.32304038004750596
1 0.13220338983050847 0.8527315914489311 0.25084745762711863 0.26128266033254155