1 0.535 0.2916666666666667 0.043333333333333335 0.05952380952380952
1 0.5383333333333333 0.29464285714285715 0.03666666666666667 0.06547619047619048
1 0.47096666666666664 0.3005952380952381 0.2733333333333333 0.07738095238095238
1 0.39 0.30654761904761907 0.04666666666666667 0.06547619047619048
1 0.535 0.30654761904761907 0.10333333333333333 0.06547619047619048
1 0.41833333333333333 0.3125 0.12333333333333334 0.08928571428571429
1 0.43333333333333335 0.31547619047619047 0.04666666666666667 0.05952380952380952
1 0.6916666666666667 0.43154761904761907 0.03 0.05357142857142857
0 0.405 0.4375 0.16333333333333333 0.19642857142857142
0 0.5483333333333333 0.44047619047619047 0.12333333333333334 0.19047619047619047
1 0.7383333333333333 0.4880952380952381 0.25 0.2619047619047619
1 0.8366666666666667 0.5119047619047619 0.07333333333333333 0.07142857142857142
1 0.765 0.5357142857142857 0.043333333333333335 0.07142857142857142
1 0.2866666666666667 0.5357142857142857 0.09333333333333334 0.30952380952380953
1 0.8183333333333334 0.5595238095238095 0.03 0.047619047619047616
1 0.505 0.5714285714285714 0.3433333333333333 0.08333333333333333
1 0.52 0.5744047619047619 0.04666666666666667 0.05357142857142857
1 0.37166666666666665 0.5773809523809523 0.06333333333333334 0.07142857142857142
1 0.45666666666666667 0.5773809523809523 0.04666666666666667 0.11904761904761904
1 0.5816666666666667 0.5773809523809523 0.05 0.05952380952380952
1 0.5233333333333333 0.5922619047619048 0.04666666666666667 0.06547619047619048