1 0.40974967061923584 0.5035545023696683 0.22924901185770752 0.19194312796208532
1 0.30500658761528326 0.5071090047393365 0.08827404479578392 0.27014218009478674
1 0.11989459815546773 0.5284360189573459 0.057971014492753624 0.17535545023696683
1 0.028326745718050064 0.5390995260663507 0.017127799736495388 0.06872037914691943
1 0.11001317523056653 0.5438388625592417 0.17523056653491437 0.26303317535545023
1 0.37549407114624506 0.5497630331753555 0.3214756258234519 0.3175355450236967
1 0.2898550724637681 0.5947867298578199 0.22924901185770752 0.2985781990521327
1 0.5474308300395256 0.6433649289099526 0.16469038208168643 0.24881516587677724
1 0.077733860342556 0.7109004739336493 0.07114624505928854 0.14218009478672985
1 0.4044795783926219 0.7120853080568721 0.41106719367588934 0.5758293838862559
1 0.155467720685112 0.7393364928909952 0.05533596837944664 0.23222748815165878
1 0.4855072463768116 0.7488151658767772 0.2147562582345191 0.3222748815165877
1 0.28326745718050067 0.7535545023696683 0.04216073781291173 0.11374407582938388
1 0.3919631093544137 0.830568720379147 0.7839262187088274 0.3341232227488152
1 0.116600790513834 0.8696682464454977 0.14097496706192358 0.26066350710900477
1 0.7793148880105402 0.8732227488151659 0.21212121212121213 0.25355450236966826