1 0.45252225519287836 0.25555555555555554 0.07418397626112759 0.08
1 0.5178041543026706 0.26 0.18100890207715134 0.10666666666666667
1 0.5356083086053413 0.27555555555555555 0.09198813056379822 0.06666666666666667
0 0.5 0.35777777777777775 0.228486646884273 0.48
0 0.5044510385756676 0.40555555555555556 0.20771513353115728 0.18
1 0.3115727002967359 0.5477777777777778 0.11275964391691394 0.14888888888888888
1 0.7833827893175074 0.6233333333333333 0.3026706231454006 0.24222222222222223
1 0.7225519287833828 0.6544444444444445 0.2344213649851632 0.33555555555555555
1 0.2166172106824926 0.6733333333333333 0.05934718100890208 0.06222222222222222
1 0.5756676557863502 0.7 0.29673590504451036 0.13777777777777778
1 0.20474777448071216 0.75 0.10089020771513353 0.06444444444444444
1 0.40059347181008903 0.7955555555555556 0.3560830860534125 0.18666666666666668
1 0.4124629080118694 0.8388888888888889 0.6053412462908012 0.24666666666666667