1 0.221435546875 0.6549479166666666 0.11865234375 0.13671875
1 0.727783203125 0.65625 0.18115234375 0.10546875
1 0.723876953125 0.6634114583333334 0.05419921875 0.015625
1 0.7890625 0.6656901041666666 0.0771484375 0.044921875
1 0.18359375 0.666015625 0.0400390625 0.0859375
1 0.38671875 0.6754557291666666 0.1494140625 0.11263020833333333
1 0.485107421875 0.681640625 0.06298828125 0.08723958333333333
1 0.1259765625 0.6829427083333334 0.0517578125 0.041666666666666664
1 0.3212890625 0.6852213541666666 0.09765625 0.076171875
1 0.5546875 0.6875 0.0380859375 0.049479166666666664
1 0.658447265625 0.5087890625 0.02685546875 0.018880208333333332
1 0.295654296875 0.5188802083333334 0.02685546875 0.016927083333333332
1 0.25341796875 0.525390625 0.0234375 0.016927083333333332
1 0.34912109375 0.5338541666666666 0.052734375 0.020833333333333332
1 0.3427734375 0.5358072916666666 0.0498046875 0.024739583333333332
1 0.411865234375 0.5364583333333334 0.04443359375 0.026041666666666668
1 0.466552734375 0.54296875 0.03662109375 0.016927083333333332
1 0.691162109375 0.5442708333333334 0.02392578125 0.032552083333333336
0 0.343994140625 0.5703125 0.05224609375 0.024739583333333332
0 0.4755859375 0.5777994791666666 0.0576171875 0.034505208333333336
0 0.406982421875 0.583984375 0.05126953125 0.052083333333333336
0 0.54150390625 0.5911458333333334 0.0400390625 0.03125
1 0.3505859375 0.6067708333333334 0.0419921875 0.045572916666666664
1 0.722412109375 0.6243489583333334 0.04736328125 0.0546875
1 0.48583984375 0.6360677083333334 0.068359375 0.09895833333333333
1 0.59326171875 0.6422526041666666 0.11328125 0.087890625