1 0.5217391304347826 0.5982142857142857 0.0802675585284281 0.17261904761904762
1 0.5919732441471572 0.6071428571428571 0.10702341137123746 0.13095238095238096
1 0.38127090301003347 0.6904761904761905 0.12709030100334448 0.14285714285714285
1 0.3996655518394649 0.27380952380952384 0.11036789297658862 0.13095238095238096
1 0.5468227424749164 0.30357142857142855 0.10367892976588629 0.15476190476190477
1 0.26421404682274247 0.3273809523809524 0.12709030100334448 0.13095238095238096
1 0.46153846153846156 0.35714285714285715 0.06020066889632107 0.14285714285714285
1 0.4214046822742475 0.38095238095238093 0.3879598662207358 0.47619047619047616
1 0.6605351170568562 0.43154761904761907 0.08361204013377926 0.18452380952380953
1 0.7190635451505016 0.47023809523809523 0.26755852842809363 0.5357142857142857
1 0.33277591973244147 0.5089285714285714 0.11705685618729098 0.17261904761904762
1 0.8277591973244147 0.5625 0.1505016722408027 0.1130952380952381