1 0.8615635179153095 0.6402439024390244 0.035830618892508145 0.08536585365853659
1 0.46905537459283386 0.6432926829268293 0.09771986970684039 0.1402439024390244
1 0.15146579804560262 0.774390243902439 0.2768729641693811 0.45121951219512196
1 0.6514657980456026 0.07926829268292683 0.16286644951140064 0.0975609756097561
1 0.6351791530944625 0.8597560975609756 0.11074918566775244 0.2804878048780488
1 0.5293159609120521 0.8628048780487805 0.10749185667752444 0.27439024390243905
1 0.31107491856677527 0.13109756097560976 0.49185667752442996 0.21341463414634146
1 0.4169381107491857 0.13719512195121952 0.1498371335504886 0.21341463414634146
1 0.8110749185667753 0.17073170731707318 0.13029315960912052 0.0975609756097561
1 0.19218241042345277 0.22560975609756098 0.1237785016286645 0.21951219512195122
0 0.6530944625407166 0.2926829268292683 0.14006514657980457 0.2804878048780488
0 0.5153094462540716 0.36585365853658536 0.19543973941368079 0.3048780487804878
1 0.8175895765472313 0.38109756097560976 0.0781758957654723 0.20121951219512196
1 0.8381107491856677 0.3871951219512195 0.1986970684039088 0.3597560975609756
1 0.9267100977198697 0.42073170731707316 0.06188925081433225 0.17073170731707318
1 0.8452768729641694 0.4298780487804878 0.30944625407166126 0.29878048780487804
1 0.6612377850162866 0.4451219512195122 0.04560260586319218 0.2926829268292683
0 0.24429967426710097 0.5 0.4169381107491857 0.3780487804878049
0 0.15472312703583063 0.5426829268292683 0.2182410423452769 0.45121951219512196
1 0.5651465798045603 0.5762195121951219 0.1465798045602606 0.25
1 0.7312703583061889 0.6067073170731707 0.06840390879478828 0.11585365853658537