1 0.0665266106442577 0.28708791208791207 0.0742296918767507 0.11263736263736264
1 0.6764705882352942 0.33104395604395603 0.12044817927170869 0.22252747252747251
1 0.23039215686274508 0.3447802197802198 0.13865546218487396 0.12362637362637363
1 0.5490196078431373 0.3447802197802198 0.31932773109243695 0.30494505494505497
1 0.8011204481792717 0.3516483516483517 0.12605042016806722 0.26373626373626374
1 0.9348739495798319 0.38186813186813184 0.06302521008403361 0.054945054945054944
1 0.1253501400560224 0.3983516483516483 0.08263305322128851 0.14285714285714285
1 0.43067226890756305 0.4052197802197802 0.12464985994397759 0.17307692307692307
1 0.6183473389355743 0.41895604395604397 0.07142857142857142 0.14560439560439561
1 0.10434173669467788 0.4725274725274725 0.06302521008403361 0.07692307692307693
1 0.6568627450980392 0.5137362637362637 0.5070028011204482 0.5769230769230769
1 0.84593837535014 0.5398351648351648 0.10084033613445378 0.12912087912087913
1 0.592436974789916 0.5453296703296703 0.06442577030812324 0.16758241758241757
1 0.2605042016806723 0.6510989010989011 0.11484593837535013 0.13736263736263737
1 0.8221288515406162 0.6607142857142857 0.12885154061624648 0.33791208791208793
1 0.9593837535014006 0.6634615384615384 0.08123249299719888 0.22252747252747251
1 0.08543417366946779 0.7335164835164835 0.08123249299719888 0.10989010989010989
1 0.5945378151260504 0.8118131868131868 0.15266106442577032 0.27197802197802196
1 0.8795518207282913 0.8214285714285714 0.0700280112044818 0.08241758241758242
1 0.6393557422969187 0.9175824175824175 0.046218487394957986 0.12637362637362637
1 0.2507002801120448 0.12637362637362637 0.11764705882352941 0.13186813186813187
1 0.19747899159663865 0.1771978021978022 0.08403361344537816 0.04120879120879121
1 0.5707282913165266 0.19642857142857142 0.06862745098039216 0.16758241758241757