0 0.30486111111111114 0.38089330024813894 0.2513888888888889 0.3250620347394541
0 0.5965277777777778 0.4205955334987593 0.25416666666666665 0.34987593052109184
1 0.14305555555555555 0.5173697270471465 0.06666666666666667 0.15632754342431762
1 0.4534722222222222 0.5272952853598015 0.034722222222222224 0.10173697270471464
1 0.15069444444444444 0.5297766749379652 0.0875 0.1315136476426799
1 0.2923611111111111 0.5806451612903226 0.07916666666666666 0.04466501240694789
1 0.5208333333333334 0.5806451612903226 0.058333333333333334 0.0794044665012407
1 0.42291666666666666 0.5818858560794045 0.09027777777777778 0.10669975186104218
1 0.19166666666666668 0.5831265508684863 0.044444444444444446 0.06451612903225806
1 0.3034722222222222 0.1488833746898263 0.24861111111111112 0.14392059553349876
1 0.6131944444444445 0.1575682382133995 0.03194444444444444 0.05707196029776675
1 0.25 0.1687344913151365 0.09166666666666666 0.10421836228287841
1 0.3215277777777778 0.17493796526054592 0.04861111111111111 0.12655086848635236
1 0.3798611111111111 0.17493796526054592 0.03194444444444444 0.08684863523573201
1 0.59375 0.17493796526054592 0.25972222222222224 0.1513647642679901
1 0.6756944444444445 0.18114143920595532 0.08194444444444444 0.11910669975186104
1 0.5138888888888888 0.18858560794044665 0.07777777777777778 0.11910669975186104
1 0.5784722222222223 0.19106699751861042 0.04027777777777778 0.06947890818858561