1 0.5139211136890951 0.2674897119341564 0.2273781902552204 0.09876543209876543
1 0.605568445475638 0.27469135802469136 0.07424593967517401 0.07613168724279835
1 0.47215777262180975 0.2839506172839506 0.1740139211136891 0.09053497942386832
0 0.6235498839907193 0.345679012345679 0.06612529002320186 0.04526748971193416
1 0.6479118329466357 0.38065843621399176 0.054524361948955914 0.11934156378600823
0 0.4762180974477958 0.39609053497942387 0.22157772621809746 0.15843621399176955
1 0.6368909512761021 0.4269547325102881 0.06264501160092807 0.19547325102880658
1 0.7865429234338747 0.4763374485596708 0.10672853828306264 0.1337448559670782
1 0.9286542923433875 0.5154320987654321 0.0568445475638051 0.16255144032921812
1 0.3834106728538283 0.5339506172839507 0.0777262180974478 0.19958847736625515
1 0.527262180974478 0.5555555555555556 0.154292343387471 0.17695473251028807
1 0.9193735498839907 0.5967078189300411 0.09164733178654293 0.23868312757201646
1 0.558584686774942 0.5977366255144033 0.12877030162412992 0.16666666666666666
1 0.6821345707656613 0.6718106995884774 0.14849187935034802 0.6563786008230452
1 0.404292343387471 0.7191358024691358 0.14965197215777262 0.2366255144032922
1 0.6664733178654292 0.757201646090535 0.58584686774942 0.48559670781893005
1 0.8706496519721578 0.7746913580246914 0.18909512761020883 0.21604938271604937
1 0.7262180974477959 0.7880658436213992 0.25754060324825984 0.42386831275720166
1 0.718677494199536 0.8065843621399177 0.07308584686774942 0.1934156378600823
1 0.4947795823665893 0.8539094650205762 0.08700696055684455 0.12345679012345678
1 0.6583526682134571 0.8847736625514403 0.10092807424593968 0.23045267489711935
1 0.2952436194895592 0.9104938271604939 0.14733178654292342 0.17901234567901234
1 0.43213457076566125 0.9218106995884774 0.09396751740139211 0.15637860082304528