1 0.696484375 0.33958333333333335 0.21484375 0.1625
1 0.2234375 0.35208333333333336 0.1453125 0.10972222222222222
1 0.52890625 0.36666666666666664 0.1828125 0.12777777777777777
1 0.387890625 0.36944444444444446 0.16328125 0.10555555555555556
0 0.1625 0.44375 0.071875 0.0875
0 0.243359375 0.49375 0.11328125 0.1763888888888889
0 0.358203125 0.4965277777777778 0.11953125 0.1736111111111111
0 0.18359375 0.5041666666666667 0.0359375 0.225
0 0.501171875 0.5319444444444444 0.16640625 0.2388888888888889
0 0.676171875 0.5479166666666667 0.18359375 0.2375
1 0.790234375 0.5534722222222223 0.04453125 0.13194444444444445
1 0.27421875 0.6451388888888889 0.165625 0.12083333333333333
1 0.67734375 0.7020833333333333 0.1921875 0.07916666666666666
1 0.41640625 0.7263888888888889 0.15625 0.1527777777777778
1 0.792578125 0.7694444444444445 0.22890625 0.18333333333333332