1 0.715625 0.2847222222222222 0.046875 0.04722222222222222
1 0.63046875 0.28888888888888886 0.0734375 0.12777777777777777
1 0.81640625 0.2972222222222222 0.0515625 0.1
1 0.2390625 0.31805555555555554 0.065625 0.06944444444444445
1 0.35546875 0.5069444444444444 0.0671875 0.09722222222222222
1 0.15703125 0.5486111111111112 0.0453125 0.03611111111111111
1 0.46484375 0.6138888888888889 0.0578125 0.05555555555555555
1 0.36171875 0.6888888888888889 0.0546875 0.05
1 0.3671875 0.6986111111111111 0.04375 0.04722222222222222
1 0.74765625 0.7013888888888888 0.0671875 0.10833333333333334
1 0.6859375 0.7222222222222222 0.075 0.07777777777777778
1 0.92578125 0.7333333333333333 0.0765625 0.25555555555555554
1 0.85 0.8111111111111111 0.06875 0.09444444444444444
1 0.2375 0.14027777777777778 0.06875 0.09166666666666666
1 0.54765625 0.175 0.0640625 0.05555555555555555