1 0.6072727272727273 0.592896174863388 0.12363636363636364 0.14754098360655737
1 0.5618181818181818 0.6038251366120219 0.11272727272727273 0.14754098360655737
1 0.7490909090909091 0.7076502732240437 0.10909090909090909 0.14754098360655737
1 0.9036363636363637 0.7459016393442623 0.18545454545454546 0.11475409836065574
1 0.5981818181818181 0.7540983606557377 0.06909090909090909 0.13114754098360656
1 0.5054545454545455 0.7759562841530054 0.3490909090909091 0.44808743169398907
1 0.6963636363636364 0.8060109289617486 0.07636363636363637 0.07103825136612021
1 0.6145454545454545 0.8306010928961749 0.7127272727272728 0.2185792349726776
1 0.7763636363636364 0.860655737704918 0.10545454545454545 0.1912568306010929
1 0.2727272727272727 0.8661202185792349 0.16 0.18032786885245902
1 0.7472727272727273 0.9098360655737705 0.12727272727272726 0.1366120218579235
1 0.5763636363636364 0.9153005464480874 0.19272727272727272 0.16939890710382513
1 0.3927272727272727 0.9398907103825137 0.12363636363636364 0.12021857923497267
1 0.25272727272727274 0.9644808743169399 0.09090909090909091 0.07103825136612021
1 0.5018181818181818 0.5409836065573771 0.10181818181818182 0.1092896174863388