1 0.47332421340629277 0.47560975609756095 0.12859097127222982 0.05853658536585366
1 0.307797537619699 0.4768292682926829 0.14774281805745554 0.11463414634146342
1 0.43365253077975374 0.4768292682926829 0.04377564979480164 0.041463414634146344
1 0.26196990424076605 0.501219512195122 0.028727770177838577 0.05609756097560976
1 0.32079343365253077 0.5060975609756098 0.03419972640218878 0.05121951219512195
0 0.46238030095759236 0.5768292682926829 0.13679890560875513 0.16341463414634147
1 0.5909712722298222 0.5878048780487805 0.06566347469220246 0.15609756097560976
1 0.6655266757865937 0.6 0.06703146374829001 0.09268292682926829
0 0.30437756497948015 0.6048780487804878 0.146374829001368 0.15609756097560976
1 0.19562243502051985 0.6304878048780488 0.04377564979480164 0.05121951219512195
1 0.7708618331053352 0.6402439024390244 0.43912448700410395 0.3195121951219512
1 0.8919288645690835 0.6451219512195122 0.06566347469220246 0.1
1 0.1908344733242134 0.6939024390243902 0.09165526675786594 0.33902439024390246
1 0.9774281805745554 0.6963414634146341 0.04514363885088919 0.05121951219512195
1 0.12585499316005472 0.7134146341463414 0.05198358413132695 0.06585365853658537
1 0.8365253077975376 0.7317073170731707 0.0533515731874145 0.11219512195121951
1 0.2811217510259918 0.7609756097560976 0.5622435020519836 0.1902439024390244
1 0.2811217510259918 0.7707317073170732 0.058823529411764705 0.07804878048780488
1 0.39740082079343364 0.8048780487804879 0.09712722298221614 0.08780487804878048
1 0.07934336525307797 0.8048780487804879 0.09849521203830369 0.13658536585365855
1 0.1771545827633379 0.8256097560975609 0.06976744186046512 0.0951219512195122