1 0.5173267326732673 0.486 0.15346534653465346 0.1
1 0.33663366336633666 0.506 0.1782178217821782 0.084
1 0.7425742574257426 0.526 0.1782178217821782 0.124
1 0.08168316831683169 0.614 0.16336633663366337 0.148
1 0.4282178217821782 0.614 0.8564356435643564 0.34
1 0.5173267326732673 0.62 0.20297029702970298 0.192
1 0.07920792079207921 0.632 0.13861386138613863 0.16
1 0.9504950495049505 0.634 0.09900990099009901 0.204
1 0.8836633663366337 0.65 0.18316831683168316 0.236
1 0.26485148514851486 0.68 0.13366336633663367 0.216
1 0.7425742574257426 0.7 0.24752475247524752 0.24
1 0.42326732673267325 0.724 0.08415841584158416 0.264