1 0.802978515625 0.6546223958333334 0.12060546875 0.080078125
1 0.490966796875 0.7210286458333334 0.05322265625 0.037109375
1 0.34521484375 0.4733072916666667 0.0576171875 0.04296875
1 0.385009765625 0.5208333333333334 0.21337890625 0.14453125
1 0.7431640625 0.5514322916666666 0.078125 0.06380208333333333
1 0.24267578125 0.560546875 0.10546875 0.0390625
1 0.28125 0.5735677083333334 0.04296875 0.1328125
1 0.38330078125 0.6041666666666666 0.0546875 0.12239583333333333
1 0.137451171875 0.6165364583333334 0.11474609375 0.07552083333333333
1 0.641845703125 0.626953125 0.13232421875 0.08984375
1 0.211181640625 0.6315104166666666 0.07763671875 0.08723958333333333