1 0.5892018779342723 0.41944444444444445 0.048513302034428794 0.05555555555555555
0 0.5923317683881064 0.4625 0.08294209702660407 0.3194444444444444
0 0.5 0.4861111111111111 0.10172143974960876 0.3888888888888889
0 0.4968701095461659 0.5236111111111111 0.08607198748043818 0.2361111111111111
0 0.596244131455399 0.5291666666666667 0.081377151799687 0.24166666666666667
1 0.5242566510172144 0.6208333333333333 0.053208137715179966 0.06388888888888888
1 0.4937402190923318 0.65 0.06103286384976526 0.044444444444444446
1 0.7613458528951487 0.7458333333333333 0.11737089201877934 0.14722222222222223
1 0.7785602503912363 0.7916666666666666 0.054773082942097026 0.07777777777777778
1 0.6776212832550861 0.7944444444444444 0.12206572769953052 0.12777777777777777
1 0.19170579029733958 0.7958333333333333 0.3208137715179969 0.3861111111111111
1 0.05712050078247261 0.7958333333333333 0.10172143974960876 0.18055555555555555
1 0.4694835680751174 0.8319444444444445 0.053208137715179966 0.10277777777777777
1 0.5031298904538342 0.8388888888888889 0.06729264475743349 0.16666666666666666
1 0.29029733959311427 0.8458333333333333 0.07981220657276995 0.11944444444444445
1 0.5782472613458529 0.8611111111111112 0.051643192488262914 0.1111111111111111
1 0.6353677621283255 0.8652777777777778 0.07511737089201878 0.10277777777777777
1 0.44366197183098594 0.8777777777777778 0.06103286384976526 0.2111111111111111
1 0.31846635367762127 0.9513888888888888 0.09233176838810642 0.075