1 0.8100792253521126 0.6129694835680751 0.05941901408450704 0.10152582159624413
1 0.08054577464788733 0.710093896713615 0.09242957746478873 0.0892018779342723
1 0.7832306338028169 0.7482394366197183 0.15096830985915494 0.20422535211267606
1 0.2205105633802817 0.8318661971830986 0.11707746478873239 0.0710093896713615
1 0.6225792253521126 0.8480046948356808 0.12015845070422536 0.18896713615023475
1 0.8457306338028169 0.9580399061032864 0.14656690140845072 0.08392018779342723
1 0.33758802816901406 0.22946009389671362 0.08890845070422536 0.07042253521126761
1 0.4238556338028169 0.36795774647887325 0.1602112676056338 0.10915492957746478
1 0.2918133802816901 0.38497652582159625 0.13380281690140844 0.12793427230046947
1 0.5466549295774648 0.43485915492957744 0.04753521126760563 0.08215962441314555
1 0.2689260563380282 0.43515258215962443 0.15492957746478872 0.09096244131455399
1 0.4238556338028169 0.44835680751173707 0.1073943661971831 0.10915492957746478
1 0.16835387323943662 0.4686032863849765 0.08054577464788733 0.09565727699530517
1 0.626100352112676 0.5008802816901409 0.05413732394366197 0.07805164319248827
1 0.3683978873239437 0.5410798122065728 0.125 0.142018779342723