1 0.42642140468227424 0.6369047619047619 0.06354515050167224 0.07142857142857142
1 0.8862876254180602 0.6398809523809523 0.14046822742474915 0.06547619047619048
1 0.5133779264214047 0.6428571428571429 0.043478260869565216 0.03571428571428571
1 0.14381270903010032 0.6547619047619048 0.033444816053511704 0.047619047619047616
1 0.038461538461538464 0.6607142857142857 0.07692307692307693 0.07142857142857142
1 0.19732441471571907 0.6964285714285714 0.06688963210702341 0.03571428571428571
1 0.3060200668896321 0.7053571428571429 0.08361204013377926 0.10119047619047619
1 0.5384615384615384 0.7291666666666666 0.0802675585284281 0.07738095238095238
1 0.745819397993311 0.2648809523809524 0.1605351170568562 0.125
1 0.7625418060200669 0.2976190476190476 0.04013377926421405 0.05952380952380952
1 0.6989966555183946 0.3125 0.05351170568561873 0.06547619047619048
0 0.7441471571906354 0.48214285714285715 0.17725752508361203 0.30952380952380953
1 0.6321070234113713 0.5714285714285714 0.06020066889632107 0.13095238095238096
1 0.4882943143812709 0.5892857142857143 0.046822742474916385 0.047619047619047616