1 0.28955078125 0.8212540716612378 0.1796875 0.3330618892508143
0 0.527587890625 0.19543973941368079 0.26416015625 0.2182410423452769
0 0.70556640625 0.1991042345276873 0.1787109375 0.16205211726384364
1 0.584228515625 0.28338762214983715 0.06103515625 0.07980456026058631
1 0.768798828125 0.3493485342019544 0.03857421875 0.08143322475570032
1 0.672119140625 0.38517915309446255 0.06787109375 0.14332247557003258
1 0.677490234375 0.3994299674267101 0.06201171875 0.13925081433224756
1 0.8466796875 0.40248371335504884 0.28466796875 0.2988599348534202
1 0.830810546875 0.4140879478827362 0.07470703125 0.0985342019543974
0 0.214111328125 0.4572475570032573 0.42041015625 0.7125407166123778
1 0.72607421875 0.4727198697068404 0.3583984375 0.30211726384364823
1 0.621337890625 0.5236156351791531 0.39697265625 0.50814332247557
1 0.380126953125 0.5708469055374593 0.14111328125 0.14332247557003258
1 0.857421875 0.7255700325732899 0.19921875 0.2964169381107492
1 0.54833984375 0.8029315960912052 0.58203125 0.3941368078175896