1 0.6916666666666667 0.17436305732484075 0.022916666666666665 0.10668789808917198
1 0.7916666666666666 0.17595541401273884 0.0875 0.12898089171974522
1 0.6484375 0.19585987261146498 0.084375 0.10509554140127389
1 0.7453125 0.2197452229299363 0.07395833333333333 0.15286624203821655
1 0.8348958333333333 0.26910828025477707 0.18020833333333333 0.11146496815286625
1 0.6609375 0.2730891719745223 0.090625 0.08121019108280254
1 0.5682291666666667 0.2754777070063694 0.04895833333333333 0.08280254777070063
1 0.5401041666666667 0.2898089171974522 0.04895833333333333 0.07961783439490445
1 0.7682291666666666 0.3590764331210191 0.084375 0.09394904458598727
1 0.4973958333333333 0.4148089171974522 0.08229166666666667 0.2085987261146497
0 0.71875 0.5469745222929936 0.3854166666666667 0.4410828025477707
0 0.7161458333333334 0.6042993630573248 0.384375 0.5557324840764332
1 0.9177083333333333 0.7914012738853503 0.07916666666666666 0.16560509554140126
1 0.7541666666666667 0.7961783439490446 0.11666666666666667 0.267515923566879
1 0.93496875 0.828359872611465 0.12291666666666666 0.3105095541401274
1 0.6015625 0.8447452229299363 0.11354166666666667 0.1321656050955414
1 0.9380208333333333 0.8901273885350318 0.059375 0.1178343949044586
1 0.6760416666666667 0.9036624203821656 0.06041666666666667 0.1321656050955414
1 0.5291666666666667 0.9211783439490446 0.08125 0.07165605095541401
1 0.8619791666666666 0.9339171974522293 0.071875 0.0589171974522293
1 0.5729166666666666 0.9355095541401274 0.052083333333333336 0.07165605095541401
1 0.7651041666666667 0.945859872611465 0.084375 0.10191082802547771
1 0.946875 0.9538216560509554 0.06458333333333334 0.08280254777070063
1 0.6322916666666667 0.9546178343949044 0.08541666666666667 0.08121019108280254