1 0.38992537313432835 0.6595744680851063 0.055970149253731345 0.06382978723404255
1 0.30223880597014924 0.6941489361702128 0.09701492537313433 0.09042553191489362
1 0.710820895522388 0.7207446808510638 0.34701492537313433 0.3351063829787234
1 0.34888059701492535 0.898936170212766 0.20522388059701493 0.14893617021276595
1 0.5149253731343284 0.9095744680851063 0.05970149253731343 0.06382978723404255
0 0.6231343283582089 0.3882978723404255 0.1791044776119403 0.18085106382978725
0 0.6847014925373134 0.425531914893617 0.048507462686567165 0.2553191489361702
0 0.332089552238806 0.43617021276595747 0.14925373134328357 0.35106382978723405
0 0.48134328358208955 0.4734042553191489 0.12686567164179105 0.32978723404255317
1 0.15111940298507462 0.5186170212765957 0.10820895522388059 0.05851063829787234
1 0.6194029850746269 0.526595744680851 0.08955223880597014 0.0851063829787234