1 0.8675889328063241 0.5379146919431279 0.10935441370223979 0.1895734597156398
1 0.6673254281949934 0.5793838862559242 0.05401844532279315 0.14454976303317535
1 0.9604743083003953 0.5971563981042654 0.07905138339920949 0.1990521327014218
1 0.530961791831357 0.6090047393364929 0.18972332015810275 0.18009478672985782
1 0.057971014492753624 0.6244075829383886 0.1080368906455863 0.18246445497630331
1 0.15349143610013175 0.6528436018957346 0.10408432147562582 0.12559241706161137
1 0.5678524374176548 0.6658767772511849 0.5059288537549407 0.06635071090047394
1 0.37285902503293805 0.6753554502369669 0.12121212121212122 0.15165876777251186
1 0.7542819499341239 0.683649289099526 0.29907773386034253 0.17298578199052134
1 0.48023715415019763 0.7002369668246445 0.9604743083003953 0.42417061611374407
1 0.10342555994729907 0.7369668246445498 0.13570487483530963 0.13270142180094788
1 0.2878787878787879 0.7428909952606635 0.10935441370223979 0.1872037914691943