1 0.5395833333333333 0.2859259259259259 0.0575 0.06222222222222222
1 0.19958333333333333 0.31555555555555553 0.0625 0.04148148148148148
0 0.18291666666666667 0.31777777777777777 0.15083333333333335 0.4014814814814815
0 0.5104166666666666 0.3214814814814815 0.12416666666666666 0.37037037037037035
1 0.69625 0.3725925925925926 0.07916666666666666 0.0874074074074074
1 0.65125 0.37851851851851853 0.0675 0.08444444444444445
0 0.5216666666666666 0.3837037037037037 0.09166666666666666 0.13925925925925925
1 0.7908333333333334 0.3874074074074074 0.06666666666666667 0.06666666666666667
1 0.4295833333333333 0.39925925925925926 0.08416666666666667 0.09037037037037036
0 0.19333333333333333 0.40444444444444444 0.13833333333333334 0.18074074074074073
1 0.32458333333333333 0.4288888888888889 0.0525 0.08148148148148149
1 0.09375 0.46370370370370373 0.1025 0.1362962962962963
1 0.8895833333333333 0.4748148148148148 0.1225 0.13777777777777778
1 0.4175 0.4822222222222222 0.06666666666666667 0.10518518518518519
1 0.39666666666666667 0.49703703703703705 0.11166666666666666 0.09037037037037036
1 0.3729166666666667 0.5103703703703704 0.13583333333333333 0.19111111111111112
1 0.022083333333333333 0.5259259259259259 0.04416666666666667 0.08296296296296296
1 0.15375 0.5348148148148149 0.08583333333333333 0.09481481481481481
1 0.24625 0.5496296296296296 0.05416666666666667 0.10074074074074074
1 0.6166666666666667 0.56 0.06833333333333333 0.10666666666666667
1 0.7645833333333333 0.562962962962963 0.07416666666666667 0.07407407407407407
1 0.6633333333333333 0.5644444444444444 0.058333333333333334 0.08592592592592592
1 0.4841666666666667 0.6029629629629629 0.08666666666666667 0.08888888888888889
1 0.5679166666666666 0.6148148148148148 0.08916666666666667 0.07111111111111111
1 0.25875 0.6222222222222222 0.1375 0.11259259259259259
1 0.08 0.6777777777777778 0.12166666666666667 0.11407407407407408