1 0.662109375 0.3388888888888889 0.28671875 0.16111111111111112
1 0.255078125 0.3548611111111111 0.16640625 0.12083333333333333
1 0.191015625 0.3625 0.13671875 0.1
1 0.428125 0.3680555555555556 0.165625 0.13055555555555556
0 0.158984375 0.43125 0.08203125 0.10138888888888889
0 0.248046875 0.4986111111111111 0.12578125 0.18888888888888888
0 0.362109375 0.5083333333333333 0.14296875 0.18611111111111112
0 0.500390625 0.5361111111111111 0.16328125 0.225
0 0.692578125 0.5409722222222222 0.21484375 0.22361111111111112
1 0.310546875 0.6652777777777777 0.18671875 0.14166666666666666
1 0.411328125 0.7243055555555555 0.07109375 0.19027777777777777
1 0.769921875 0.7444444444444445 0.20546875 0.13055555555555556
1 0.71875 0.7951388888888888 0.1390625 0.15138888888888888