1 0.5773195876288659 0.4092664092664093 0.20618556701030927 0.20077220077220076
1 0.8195876288659794 0.4111969111969112 0.24742268041237114 0.25868725868725867
1 0.3788659793814433 0.41312741312741313 0.22164948453608246 0.15444015444015444
1 0.19845360824742267 0.45366795366795365 0.18041237113402062 0.13513513513513514
0 0.49226804123711343 0.5694980694980695 0.9123711340206185 0.861003861003861
1 0.02577319587628866 0.5926640926640927 0.05154639175257732 0.09652509652509653
1 0.37371134020618557 0.6467181467181468 0.4793814432989691 0.3745173745173745
0 0.47164948453608246 0.7413127413127413 0.9432989690721649 0.5173745173745173
1 0.9252577319587629 0.8725868725868726 0.14948453608247422 0.16988416988416988
1 0.05412371134020619 0.88996138996139 0.0979381443298969 0.1891891891891892
1 0.8711340206185567 0.9633204633204633 0.17525773195876287 0.07335907335907337
1 0.615979381443299 0.26833976833976836 0.18041237113402062 0.18146718146718147
1 0.31958762886597936 0.2876447876447876 0.32989690721649484 0.16602316602316602
1 0.5460824742268041 0.3783783783783784 0.8505154639175257 0.32432432432432434