1 0.3062283737024221 0.6451612903225806 0.23875432525951557 0.34838709677419355
1 0.8356401384083045 0.6903225806451613 0.058823529411764705 0.2064516129032258
1 0.3408304498269896 0.7774193548387097 0.11418685121107267 0.13548387096774195
1 0.5709342560553633 0.15806451612903225 0.04152249134948097 0.08387096774193549
1 0.5570934256055363 0.1774193548387097 0.2422145328719723 0.1870967741935484
0 0.5294117647058824 0.3903225806451613 0.23529411764705882 0.2903225806451613
1 0.5709342560553633 0.4483870967741935 0.05536332179930796 0.0967741935483871
1 0.47923875432525953 0.45483870967741935 0.05190311418685121 0.10967741935483871
1 0.09930795847750865 0.45999999999999996 0.11418685121107267 0.14838709677419354
1 0.5207612456747405 0.4838709677419355 0.031141868512110725 0.1032258064516129
1 0.15916955017301038 0.5419354838709678 0.22837370242214533 0.5419354838709678
1 0.7179930795847751 0.5612903225806452 0.0726643598615917 0.1935483870967742
1 0.5622837370242214 0.5645161290322581 0.12110726643598616 0.13548387096774195
1 0.8391003460207612 0.5967741935483871 0.3217993079584775 0.7935483870967742
1 0.3892733564013841 0.603225806451613 0.058823529411764705 0.0967741935483871
1 0.3771626297577855 0.632258064516129 0.47058823529411764 0.49032258064516127