1 0.605 0.24642857142857144 0.36428571428571427 0.17857142857142858
1 0.35642857142857143 0.2511904761904762 0.28714285714285714 0.16904761904761906
0 0.375 0.49166666666666664 0.1442857142857143 0.3357142857142857
0 0.5278571428571428 0.49166666666666664 0.14142857142857143 0.3119047619047619
0 0.6864285714285714 0.5285714285714286 0.16142857142857142 0.36666666666666664
1 0.24785714285714286 0.6619047619047619 0.12142857142857143 0.24285714285714285
1 0.10142857142857142 0.6928571428571428 0.06 0.07142857142857142
1 0.4785714285714286 0.7023809523809523 0.16 0.10476190476190476
1 0.37214285714285716 0.736904761904762 0.12142857142857143 0.21666666666666667
1 0.7057142857142857 0.7714285714285715 0.11428571428571428 0.14761904761904762
1 0.325 0.8892857142857142 0.13 0.1357142857142857
1 0.7335714285714285 0.8964285714285715 0.09 0.1357142857142857