1 0.7424698795180723 0.5009765625 0.19578313253012047 0.025390625
1 0.31877510040160645 0.50439453125 0.09738955823293173 0.0439453125
1 0.43323293172690763 0.5283203125 0.05923694779116466 0.05859375
1 0.5657630522088354 0.5283203125 0.10341365461847389 0.06640625
1 0.25251004016064255 0.53857421875 0.14156626506024098 0.0693359375
1 0.6681726907630522 0.56201171875 0.6636546184738956 0.1552734375
1 0.39206827309236947 0.57373046875 0.05321285140562249 0.0380859375
1 0.7264056224899599 0.5751953125 0.09738955823293173 0.068359375
1 0.9061244979919679 0.58056640625 0.18775100401606426 0.0615234375
1 0.7494979919678715 0.3935546875 0.2660642570281124 0.048828125
1 0.5125502008032129 0.39990234375 0.19578313253012047 0.0419921875
0 0.48744979919678716 0.453125 0.1576305220883534 0.076171875
0 0.7434738955823293 0.455078125 0.35642570281124497 0.087890625