1 0.5550314465408805 0.41509433962264153 0.059748427672955975 0.04612159329140461
1 0.10455974842767296 0.42138364779874216 0.03930817610062893 0.033542976939203356
1 0.44575471698113206 0.449685534591195 0.04874213836477988 0.0649895178197065
1 0.9205974842767296 0.45387840670859536 0.04245283018867924 0.04821802935010482
1 0.3168238993710692 0.4570230607966457 0.036163522012578615 0.020964360587002098
1 0.18867924528301888 0.46226415094339623 0.0660377358490566 0.031446540880503145
1 0.18867924528301888 0.5335429769392034 0.059748427672955975 0.031446540880503145
1 0.5534591194968553 0.5356394129979035 0.07232704402515723 0.0440251572327044
1 0.4992138364779874 0.5628930817610063 0.04245283018867924 0.031446540880503145
1 0.7515723270440252 0.570230607966457 0.0880503144654088 0.10482180293501048
1 0.18160377358490565 0.590146750524109 0.08647798742138364 0.08176100628930817
1 0.6014150943396226 0.6415094339622641 0.05188679245283019 0.033542976939203356
1 0.5165094339622641 0.6457023060796646 0.08333333333333333 0.07547169811320754
1 0.5526729559748428 0.6477987421383647 0.14622641509433962 0.15513626834381553
1 0.25235849056603776 0.6540880503144654 0.0770440251572327 0.0880503144654088
1 0.31053459119496857 0.6561844863731656 0.08018867924528301 0.07547169811320754
1 0.6627358490566038 0.6582809224318659 0.07389937106918239 0.07966457023060797
1 0.845125786163522 0.6802935010482181 0.08962264150943396 0.09853249475890985
1 0.690251572327044 0.689727463312369 0.6194968553459119 0.6205450733752621
1 0.09827044025157233 0.7348008385744235 0.09276729559748427 0.1488469601677149
1 0.6981132075471698 0.7421383647798742 0.0440251572327044 0.06708595387840671
1 0.60062893081761 0.7536687631027253 0.06918238993710692 0.06079664570230608
1 0.7413522012578616 0.7547169811320755 0.15880503144654087 0.18448637316561844
1 0.23113207547169812 0.7767295597484277 0.0880503144654088 0.1488469601677149
1 0.22955974842767296 0.7819706498951782 0.14465408805031446 0.0880503144654088
1 0.425314465408805 0.7976939203354297 0.06761006289308176 0.07337526205450734
1 0.4331761006289308 0.8092243186582809 0.21540880503144655 0.2138364779874214
1 0.4882075471698113 0.8092243186582809 0.07389937106918239 0.1090146750524109
1 0.9088050314465409 0.8469601677148847 0.18238993710691823 0.3060796645702306
1 0.08333333333333333 0.8721174004192872 0.1069182389937107 0.05870020964360587