1 0.05593220338983051 0.6812865497076024 0.0711864406779661 0.15789473684210525
1 0.3983050847457627 0.7134502923976608 0.17288135593220338 0.17543859649122806
1 0.8355932203389831 0.7807017543859649 0.17288135593220338 0.1695906432748538
1 0.09661016949152543 0.7953216374269005 0.10508474576271186 0.17543859649122806
1 0.5610169491525424 0.8128654970760234 0.864406779661017 0.3508771929824561
1 0.29322033898305083 0.8391812865497076 0.09152542372881356 0.18128654970760233
1 0.5 0.8596491228070176 0.2677966101694915 0.2573099415204678
1 0.5898305084745763 0.9239766081871345 0.18983050847457628 0.15204678362573099
1 0.5491525423728814 0.13157894736842105 0.13559322033898305 0.1111111111111111
1 0.9101694915254237 0.14619883040935672 0.11186440677966102 0.10526315789473684
1 0.6728813559322034 0.15497076023391812 0.0847457627118644 0.12280701754385964
1 0.36271186440677966 0.16374269005847952 0.1694915254237288 0.1286549707602339
1 0.5305084745762711 0.17543859649122806 0.9389830508474576 0.17543859649122806
1 0.21864406779661016 0.1783625730994152 0.0847457627118644 0.13450292397660818
1 0.7559322033898305 0.195906432748538 0.12203389830508475 0.13450292397660818
0 0.06610169491525424 0.4590643274853801 0.13220338983050847 0.34502923976608185
0 0.5847457627118644 0.4619883040935672 0.3152542372881356 0.3742690058479532
0 0.29152542372881357 0.4619883040935672 0.29152542372881357 0.3508771929824561
0 0.8813559322033898 0.4649122807017544 0.23728813559322035 0.3684210526315789