1 0.945 0.6220238095238095 0.09666666666666666 0.1130952380952381
1 0.5216666666666666 0.6369047619047619 0.11666666666666667 0.16666666666666666
1 0.6216666666666667 0.6666666666666666 0.06333333333333334 0.09523809523809523
0 0.565 0.3482142857142857 0.06333333333333334 0.13690476190476192
1 0.49 0.44642857142857145 0.03333333333333333 0.05952380952380952
1 0.5983333333333334 0.4494047619047619 0.06333333333333334 0.06547619047619048
1 0.39666666666666667 0.46726190476190477 0.02 0.041666666666666664
1 0.6183333333333333 0.48214285714285715 0.043333333333333335 0.07142857142857142
1 0.4583333333333333 0.4851190476190476 0.05 0.07738095238095238
1 0.5283333333333333 0.5148809523809523 0.05 0.05357142857142857
1 0.395 0.5684523809523809 0.05 0.125
1 0.5933333333333334 0.5803571428571429 0.08666666666666667 0.07738095238095238