1 0.5096774193548387 0.1625 0.07258064516129033 0.07777777777777778
1 0.43185483870967745 0.16875 0.04758064516129032 0.0625
1 0.5766129032258065 0.17291666666666666 0.027419354838709678 0.14027777777777778
1 0.4737903225806452 0.175 0.14596774193548387 0.13055555555555556
1 0.494758064516129 0.18819444444444444 0.03790322580645161 0.06805555555555555
0 0.4842741935483871 0.3590277777777778 0.21693548387096775 0.6763888888888889
0 0.4814516129032258 0.4326388888888889 0.1870967741935484 0.43194444444444446
1 0.6048387096774194 0.4708333333333333 0.06612903225806452 0.05
1 0.33830645161290324 0.5444444444444444 0.08951612903225807 0.1111111111111111
1 0.16572580645161292 0.5729166666666666 0.05887096774193548 0.1125
1 0.30362903225806454 0.6895833333333333 0.06532258064516129 0.059722222222222225
1 0.40403225806451615 0.7104166666666667 0.06774193548387097 0.06805555555555555
1 0.5310483870967742 0.7541666666666667 0.1975806451612903 0.17222222222222222
1 0.34596774193548385 0.8368055555555556 0.037096774193548385 0.06527777777777778
1 0.8451612903225807 0.9548611111111112 0.05967741935483871 0.09027777777777778