0 0.6398809523809523 0.365 0.20833333333333334 0.19666666666666666
0 0.28869047619047616 0.37666666666666665 0.24404761904761904 0.21333333333333335
1 0.18154761904761904 0.48333333333333334 0.07738095238095238 0.04
1 0.7261904761904762 0.49833333333333335 0.05952380952380952 0.03666666666666667
1 0.6517857142857143 0.535 0.041666666666666664 0.056666666666666664
1 0.22321428571428573 0.5566666666666666 0.06547619047619048 0.02666666666666667
1 0.5119047619047619 0.5616666666666666 0.2619047619047619 0.13
1 0.5059523809523809 0.6283333333333333 0.5119047619047619 0.23666666666666666
1 0.6130952380952381 0.6466666666666666 0.05952380952380952 0.02
1 0.1488095238095238 0.66 0.14285714285714285 0.06666666666666667
1 0.39285714285714285 0.685 0.07142857142857142 0.05
1 0.6815476190476191 0.725 0.10119047619047619 0.09
1 0.6696428571428571 0.245 0.17261904761904762 0.08333333333333333
1 0.3125 0.24666666666666667 0.17261904761904762 0.08666666666666667
0 0.48214285714285715 0.30333333333333334 0.6666666666666666 0.3466666666666667