1 0.60425 0.7699775952203136 0.0735 0.17027632561613143
1 0.23 0.784167289021658 0.261 0.1179985063480209
1 0.649 0.7949962658700522 0.307 0.3532486930545183
1 0.885 0.813293502613891 0.079 0.19118745332337567
1 0.3475 0.8775205377147125 0.117 0.16131441374159822
1 0.37425 0.14339058999253174 0.0935 0.11650485436893204
1 0.34825 0.15421956684092605 0.1955 0.12322628827483197
1 0.59575 0.17438386855862584 0.2565 0.13816280806572068
0 0.3965 0.23226288274831963 0.002 0.00597460791635549
0 0.3375 0.2737117251680358 0.094 0.1277072442120986
1 0.16125 0.3308439133681852 0.0875 0.14787154592979837
1 0.271 0.39021657953696787 0.084 0.1426437640029873
0 0.56375 0.4077669902912621 0.3995 0.38088125466766243
1 0.103 0.4835698282300224 0.075 0.169529499626587
1 0.85975 0.4943988050784167 0.1515 0.13144137415982077
1 0.333 0.5384615384615384 0.165 0.2150858849887976
1 0.2555 0.6097834204630321 0.45 0.7610156833457804
1 0.2395 0.6807318894697535 0.128 0.20537714712471994
1 0.89925 0.7083644510828977 0.1635 0.42046303211351754
1 0.27175 0.7180731889469754 0.3845 0.3472740851381628