1 0.2190721649484536 0.4826254826254826 0.20103092783505155 0.13127413127413126
1 0.29381443298969073 0.4980694980694981 0.09278350515463918 0.12355212355212356
0 0.6108247422680413 0.5 0.5515463917525774 0.25868725868725867
0 0.5902061855670103 0.5366795366795367 0.5618556701030928 0.3552123552123552
1 0.23195876288659795 0.5617760617760618 0.09278350515463918 0.08108108108108109
1 0.30670103092783507 0.6196911196911197 0.08762886597938144 0.08108108108108109
1 0.21391752577319587 0.6293436293436293 0.11855670103092783 0.09266409266409266
1 0.9020618556701031 0.6563706563706564 0.15463917525773196 0.11583011583011583
1 0.5979381443298969 0.6718146718146718 0.14432989690721648 0.04633204633204633
1 0.2963917525773196 0.7084942084942085 0.17010309278350516 0.1274131274131274
1 0.654639175257732 0.222007722007722 0.10309278350515463 0.05791505791505792
1 0.5335051546391752 0.2413127413127413 0.14948453608247422 0.09652509652509653
1 0.5979381443298969 0.26640926640926643 0.5051546391752577 0.19305019305019305
1 0.7835051546391752 0.28957528957528955 0.13402061855670103 0.14671814671814673
1 0.6829896907216495 0.3088803088803089 0.17010309278350516 0.10038610038610038
1 0.44329896907216493 0.3108108108108108 0.1958762886597938 0.0888030888030888
1 0.5644329896907216 0.33976833976833976 0.18041237113402062 0.07722007722007722