1 0.8662207357859532 0.5952380952380952 0.0802675585284281 0.11904761904761904
1 0.4013377926421405 0.6577380952380952 0.0802675585284281 0.08928571428571429
1 0.12040133779264214 0.6845238095238095 0.04013377926421405 0.07142857142857142
1 0.8896321070234113 0.7083333333333334 0.12040133779264214 0.10714285714285714
1 0.2809364548494983 0.7291666666666666 0.05351170568561873 0.06547619047619048
1 0.3745819397993311 0.7321428571428571 0.06020066889632107 0.13095238095238096
1 0.20066889632107024 0.7827380952380952 0.06020066889632107 0.07738095238095238
1 0.3277591973244147 0.7886904761904762 0.013377926421404682 0.05357142857142857
1 0.4397993311036789 0.8184523809523809 0.043478260869565216 0.041666666666666664
1 0.7140468227424749 0.8184523809523809 0.19732441471571907 0.16071428571428573
1 0.41638795986622074 0.8988095238095238 0.08361204013377926 0.11904761904761904
1 0.5936454849498328 0.8988095238095238 0.07023411371237458 0.16666666666666666
1 0.5033444816053512 0.9166666666666666 0.08361204013377926 0.15476190476190477
1 0.3193979933110368 0.9345238095238095 0.11036789297658862 0.11904761904761904
1 0.5869565217391305 0.24107142857142858 0.25752508361204013 0.16071428571428573
1 0.7625418060200669 0.24702380952380953 0.12709030100334448 0.13690476190476192
1 0.6655518394648829 0.2619047619047619 0.07357859531772576 0.09523809523809523
1 0.580267558528428 0.26785714285714285 0.08361204013377926 0.08333333333333333
1 0.7575250836120402 0.26785714285714285 0.07023411371237458 0.08333333333333333
1 0.5100334448160535 0.27976190476190477 0.03678929765886288 0.05952380952380952
0 0.7725752508361204 0.4880952380952381 0.14046822742474915 0.40476190476190477
0 0.5903010033444817 0.5297619047619048 0.2709030100334448 0.44047619047619047
1 0.9163879598662207 0.5446428571428571 0.06688963210702341 0.07738095238095238
0 0.5986622073578596 0.5773809523809523 0.2809364548494983 0.5357142857142857