1 0.8083333333333333 0.5982142857142857 0.07666666666666666 0.20833333333333334
1 0.24 0.625 0.05333333333333334 0.13095238095238096
1 0.525 0.6815476190476191 0.07666666666666666 0.05357142857142857
1 0.6816666666666666 0.6964285714285714 0.18333333333333332 0.07142857142857142
1 0.37166666666666665 0.7113095238095238 0.21666666666666667 0.20833333333333334
1 0.795 0.7738095238095238 0.23 0.15476190476190477
1 0.18 0.3482142857142857 0.08666666666666667 0.10119047619047619
1 0.295 0.35119047619047616 0.13666666666666666 0.09523809523809523
1 0.675 0.3541666666666667 0.22333333333333333 0.13690476190476192
1 0.465 0.35714285714285715 0.19 0.11904761904761904
0 0.15833333333333333 0.4494047619047619 0.07 0.10119047619047619
0 0.24333333333333335 0.5029761904761905 0.1 0.17261904761904762
0 0.35833333333333334 0.5119047619047619 0.13 0.17857142857142858
0 0.175 0.5267857142857143 0.03 0.041666666666666664
0 0.5033333333333333 0.5357142857142857 0.16666666666666666 0.2261904761904762
0 0.6716666666666666 0.5446428571428571 0.17666666666666667 0.20833333333333334
1 0.13666666666666666 0.5476190476190477 0.06666666666666667 0.14285714285714285