1 0.7064777327935222 0.5808823529411765 0.13360323886639677 0.16176470588235295
1 0.805668016194332 0.5906862745098039 0.3805668016194332 0.4950980392156863
1 0.2854251012145749 0.6397058823529411 0.10121457489878542 0.10294117647058823
1 0.4230769230769231 0.6470588235294118 0.1902834008097166 0.13725490196078433
1 0.917004048582996 0.6666666666666666 0.08502024291497975 0.09803921568627451
1 0.6012145748987854 0.6862745098039216 0.7975708502024291 0.30392156862745096
1 0.9251012145748988 0.7156862745098039 0.1417004048582996 0.17647058823529413
1 0.5991902834008097 0.7279411764705882 0.15384615384615385 0.14215686274509803
1 0.7307692307692307 0.7524509803921569 0.13360323886639677 0.15196078431372548
1 0.48582995951417 0.2107843137254902 0.12955465587044535 0.058823529411764705
1 0.5 0.24754901960784315 0.2631578947368421 0.14215686274509803
1 0.5263157894736842 0.27941176470588236 0.145748987854251 0.058823529411764705
1 0.7307692307692307 0.4215686274509804 0.10121457489878542 0.09803921568627451
0 0.48380566801619435 0.4411764705882353 0.23076923076923078 0.2549019607843137