1 0.5148533950617284 0.6113683127572016 0.32600308641975306 0.20833333333333334
1 0.09008487654320987 0.6772119341563786 0.18016975308641975 0.6455761316872428
1 0.7843364197530864 0.7677469135802469 0.10493827160493827 0.0889917695473251
1 0.3148148148148148 0.8389917695473251 0.36574074074074076 0.205761316872428
1 0.5943287037037037 0.8901748971193416 0.2364969135802469 0.20113168724279834
1 0.9290123456790124 0.9310699588477366 0.0933641975308642 0.09156378600823045
1 0.26948302469135804 0.9627057613168725 0.2689043209876543 0.07458847736625514
1 0.9459876543209876 0.09825102880658436 0.10802469135802469 0.1800411522633745
1 0.43267746913580246 0.15792181069958847 0.15084876543209877 0.17386831275720166
1 0.23939043209876543 0.17026748971193414 0.24189814814814814 0.2417695473251029
1 0.2908950617283951 0.23765432098765432 0.31790123456790126 0.32510288065843623
1 0.7052469135802469 0.29218106995884774 0.4174382716049383 0.29012345679012347
1 0.5212191358024691 0.4251543209876543 0.24228395061728394 0.26800411522633744
1 0.9189814814814815 0.4781378600823045 0.09645061728395062 0.1558641975308642
1 0.8794367283950617 0.488940329218107 0.24112654320987653 0.3544238683127572
1 0.5100308641975309 0.5041152263374485 0.9799382716049383 0.9917695473251029