1 0.6417910447761194 0.5319148936170213 0.05223880597014925 0.0851063829787234
1 0.21455223880597016 0.5319148936170213 0.10074626865671642 0.1702127659574468
1 0.29850746268656714 0.5319148936170213 0.05970149253731343 0.1276595744680851
1 0.5503731343283582 0.5797872340425532 0.06343283582089553 0.06382978723404255
1 0.4216417910447761 0.6037234042553191 0.1044776119402985 0.13297872340425532
1 0.6473880597014925 0.6117021276595744 0.041044776119402986 0.06382978723404255
1 0.29850746268656714 0.675531914893617 0.21641791044776118 0.13829787234042554
1 0.34888059701492535 0.3191489361702128 0.048507462686567165 0.031914893617021274
1 0.47761194029850745 0.32978723404255317 0.29850746268656714 0.10638297872340426
1 0.5559701492537313 0.3324468085106383 0.11194029850746269 0.09042553191489362
1 0.5615671641791045 0.3351063829787234 0.0708955223880597 0.0851063829787234
0 0.5559701492537313 0.4308510638297872 0.11194029850746269 0.09574468085106383
0 0.4123134328358209 0.4441489361702128 0.16791044776119404 0.18617021276595744
1 0.7229104477611941 0.5292553191489362 0.0708955223880597 0.09042553191489362