1 0.3442622950819672 0.48792270531400966 0.3114754098360656 0.15458937198067632
0 0.7540983606557377 0.7125603864734299 0.10655737704918032 0.0821256038647343
0 0.8545081967213115 0.7439613526570048 0.0942622950819672 0.07729468599033816
1 0.5676229508196722 0.7705314009661836 0.12704918032786885 0.06280193236714976
0 0.48360655737704916 0.8188405797101449 0.05737704918032787 0.0821256038647343
1 0.09016393442622951 0.8188405797101449 0.08196721311475409 0.033816425120772944
1 0.26434426229508196 0.855072463768116 0.11065573770491803 0.057971014492753624
0 0.5676229508196722 0.8647342995169082 0.13524590163934427 0.12560386473429952
0 0.0860655737704918 0.8647342995169082 0.08196721311475409 0.057971014492753624
1 0.8094262295081968 0.8888888888888888 0.20901639344262296 0.2222222222222222
0 0.25614754098360654 0.9227053140096618 0.14344262295081966 0.13526570048309178
1 0.06557377049180328 0.9308212560386474 0.13114754098360656 0.07246376811594203
1 0.036885245901639344 0.21739130434782608 0.06557377049180328 0.057971014492753624
1 0.4098360655737705 0.21980676328502416 0.1721311475409836 0.0821256038647343
1 0.19672131147540983 0.2222222222222222 0.22950819672131148 0.057971014492753624
0 0.6967213114754098 0.26570048309178745 0.12295081967213115 0.13526570048309178
0 0.10040983606557377 0.3115942028985507 0.11885245901639344 0.09178743961352658
0 0.022540983606557378 0.3115942028985507 0.045081967213114756 0.10144927536231885
0 0.22950819672131148 0.32367149758454106 0.14754098360655737 0.13526570048309178
1 0.8831967213114754 0.3309178743961353 0.20901639344262296 0.15942028985507245
0 0.39139344262295084 0.34299516908212563 0.1598360655737705 0.14492753623188406
1 0.6639344262295082 0.40096618357487923 0.1885245901639344 0.10628019323671498
1 0.8504098360655737 0.45410628019323673 0.1762295081967213 0.2028985507246377
1 0.1168032786885246 0.463768115942029 0.20901639344262296 0.15458937198067632