1 0.49341238471673254 0.3933649289099526 0.08300395256916997 0.07109004739336493
1 0.8386034255599473 0.4194312796208531 0.10144927536231885 0.15165876777251186
1 0.9104084321475626 0.42890995260663506 0.1686429512516469 0.26066350710900477
1 0.5250329380764164 0.45023696682464454 0.1541501976284585 0.26540284360189575
1 0.6956521739130435 0.45023696682464454 0.4980237154150198 0.20853080568720378
1 0.3774703557312253 0.4881516587677725 0.03557312252964427 0.06635071090047394
1 0.6877470355731226 0.5165876777251185 0.04743083003952569 0.07109004739336493
1 0.3675889328063241 0.6161137440758294 0.0764163372859025 0.10900473933649289
1 0.36363636363636365 0.7180094786729858 0.057971014492753624 0.05687203791469194
1 0.4288537549407115 0.7867298578199052 0.1673254281949934 0.16113744075829384
1 0.35500658761528325 0.7915639810426541 0.2028985507246377 0.31990521327014215
1 0.32740447957839264 0.816350710900474 0.05401844532279315 0.0924170616113744