1 0.205078125 0.16341145833333334 0.197265625 0.10026041666666667
1 0.5546875 0.17643229166666666 0.140625 0.12630208333333334
1 0.2861328125 0.3600260416666667 0.150390625 0.14192708333333334
1 0.10595703125 0.369140625 0.1103515625 0.09505208333333333
1 0.74853515625 0.4251302083333333 0.1083984375 0.12109375
1 0.91845703125 0.46484375 0.0908203125 0.1171875
1 0.1123046875 0.482421875 0.138671875 0.07421875
1 0.5 0.53125 1 0.9375
1 0.2548828125 0.5403645833333334 0.125 0.10416666666666667
1 0.68896484375 0.58984375 0.1201171875 0.11458333333333333
1 0.05712890625 0.69921875 0.1025390625 0.21614583333333334
1 0.6318359375 0.724609375 0.109375 0.12369791666666667
1 0.83056640625 0.7356770833333334 0.1884765625 0.13802083333333334
1 0.78662109375 0.7376302083333334 0.0576171875 0.10807291666666667
1 0.337890625 0.7584635416666666 0.12109375 0.07942708333333333
1 0.3740234375 0.822265625 0.486328125 0.35546875
1 0.60888671875 0.841796875 0.0947265625 0.19661458333333334
1 0.271484375 0.8717447916666666 0.10546875 0.11588541666666667
1 0.22998046875 0.896484375 0.3798828125 0.20703125
1 0.88916015625 0.9309895833333334 0.2216796875 0.13802083333333334