1 0.7711267605633803 0.615819209039548 0.04225352112676056 0.0903954802259887
1 0.3785211267605634 0.6271186440677966 0.2992957746478873 0.4067796610169492
1 0.3609154929577465 0.632768361581921 0.05985915492957746 0.12429378531073447
0 0.8133802816901409 0.6638418079096046 0.2676056338028169 0.3333333333333333
1 0.4014084507042254 0.6751412429378532 0.04929577464788732 0.062146892655367235
1 0.6742957746478874 0.7146892655367232 0.05985915492957746 0.14124293785310735
0 0.9524647887323944 0.7146892655367232 0.09507042253521127 0.3785310734463277
1 0.3503521126760563 0.7259887005649718 0.07394366197183098 0.096045197740113
1 0.6073943661971831 0.7372881355932204 0.12323943661971831 0.2542372881355932
1 0.7464788732394366 0.7598870056497176 0.06338028169014084 0.10734463276836158
1 0.5862676056338029 0.7824858757062146 0.10915492957746478 0.1977401129943503
1 0.670774647887324 0.8502824858757062 0.05985915492957746 0.15254237288135594
1 0.9119718309859155 0.9011299435028248 0.14788732394366197 0.1751412429378531
1 0.4612676056338028 0.3983050847457627 0.04929577464788732 0.07344632768361582
1 0.125 0.4406779661016949 0.13028169014084506 0.11299435028248588
1 0.3274647887323944 0.4971751412429379 0.056338028169014086 0.0903954802259887
1 0.4278169014084507 0.53954802259887 0.09507042253521127 0.10734463276836158
0 0.6637323943661971 0.5451977401129944 0.1936619718309859 0.1638418079096045
1 0.6056338028169014 0.559322033898305 0.028169014084507043 0.04519774011299435