1 0.41346153846153844 0.6234567901234568 0.24358974358974358 0.24691358024691357
1 0.36538461538461536 0.19753086419753085 0.17307692307692307 0.1111111111111111
1 0.5512820512820513 0.19753086419753085 0.17307692307692307 0.12345679012345678
1 0.7644230769230769 0.23765432098765432 0.16987179487179488 0.09259259259259259
0 0.5625 0.3734567901234568 0.16346153846153846 0.21604938271604937
0 0.36698717948717946 0.3765432098765432 0.1762820512820513 0.24691358024691357
0 0.7740384615384616 0.37962962962962965 0.1891025641025641 0.2037037037037037
1 0.12980769230769232 0.4444444444444444 0.1891025641025641 0.3333333333333333
1 0.6794871794871795 0.47530864197530864 0.10256410256410256 0.13580246913580246
1 0.14102564102564102 0.5432098765432098 0.2692307692307692 0.25925925925925924
1 0.8830128205128205 0.5864197530864198 0.23397435897435898 0.19753086419753085
1 0.6426282051282052 0.6018518518518519 0.1891025641025641 0.19135802469135801