1 0.6218181818181818 0.5573770491803278 0.05090909090909091 0.07650273224043716
1 0.6254545454545455 0.5601092896174863 0.05090909090909091 0.07103825136612021
1 0.5636363636363636 0.5792349726775956 0.21818181818181817 0.13114754098360656
1 0.5381818181818182 0.587431693989071 0.05090909090909091 0.07103825136612021
1 0.5836363636363636 0.587431693989071 0.05454545454545454 0.07103825136612021
1 0.4818181818181818 0.5901639344262295 0.04727272727272727 0.06557377049180328
1 0.4890909090909091 0.6010928961748634 0.05454545454545454 0.07650273224043716
1 0.5436363636363636 0.6065573770491803 0.03272727272727273 0.09836065573770492
0 0.6345454545454545 0.6693989071038251 0.09090909090909091 0.11475409836065574
0 0.5072727272727273 0.6830601092896175 0.15636363636363637 0.12021857923497267
1 0.4036363636363636 0.726775956284153 0.06545454545454546 0.07650273224043716
1 0.6127272727272727 0.76775956284153 0.03272727272727273 0.04918032786885246
1 0.44363636363636366 0.7759562841530054 0.13818181818181818 0.0546448087431694
1 0.6418181818181818 0.7759562841530054 0.13454545454545455 0.09836065573770492
1 0.3490909090909091 0.7759562841530054 0.06545454545454546 0.06557377049180328
1 0.5509090909090909 0.7923497267759563 0.04727272727272727 0.07650273224043716
1 0.44727272727272727 0.8032786885245902 0.2690909090909091 0.17486338797814208
1 0.6963636363636364 0.8087431693989071 0.05454545454545454 0.06557377049180328
1 0.5836363636363636 0.8442622950819673 0.14181818181818182 0.03825136612021858
1 0.4618181818181818 0.8524590163934426 0.08727272727272728 0.09836065573770492
1 0.28545454545454546 0.8633879781420765 0.05454545454545454 0.04371584699453552
1 0.23636363636363636 0.9180327868852459 0.07272727272727272 0.06557377049180328
1 0.09636363636363636 0.9562841530054644 0.14909090909090908 0.0546448087431694