1 0.6762152777777778 0.3891102257636122 0.2586805555555556 0.09827357237715803
1 0.4895833333333333 0.4156706507304117 0.1076388888888889 0.06905710491367861
1 0.3159722222222222 0.43691899070385126 0.10416666666666667 0.09296148738379814
0 0.6770833333333334 0.4907038512616202 0.23958333333333334 0.10225763612217796
1 0.1796875 0.5 0.13368055555555555 0.0650730411686587
1 0.9027777777777778 0.546480743691899 0.16666666666666666 0.13147410358565736
1 0.2604166666666667 0.5843293492695883 0.5208333333333334 0.3612217795484728
1 0.3272569444444444 0.5982735723771581 0.3350694444444444 0.4953519256308101
1 0.7534722222222222 0.6434262948207171 0.2361111111111111 0.20053120849933598
1 0.6744791666666666 0.704515272244356 0.21006944444444445 0.04648074369189907
1 0.1935763888888889 0.8061088977423638 0.140625 0.07702523240371846