1 0.05144694533762058 0.6450617283950617 0.0707395498392283 0.1419753086419753
1 0.2347266881028939 0.7006172839506173 0.08360128617363344 0.16666666666666666
1 0.6463022508038585 0.7191358024691358 0.14790996784565916 0.19135802469135801
1 0.8922829581993569 0.7654320987654321 0.14469453376205788 0.18518518518518517
1 0.364951768488746 0.7716049382716049 0.07395498392282958 0.16049382716049382
1 0.07717041800643087 0.7839506172839507 0.1157556270096463 0.12345679012345678
1 0.5160771704180064 0.7901234567901234 0.12540192926045016 0.20987654320987653
1 0.27009646302250806 0.8209876543209876 0.09003215434083602 0.1111111111111111
1 0.409967845659164 0.8611111111111112 0.04823151125401929 0.15432098765432098
1 0.14308681672025725 0.8981481481481481 0.13183279742765272 0.11728395061728394
1 0.8794212218649518 0.9290123456790124 0.17684887459807075 0.1419753086419753
1 0.5321543408360129 0.9444444444444444 0.13183279742765272 0.1111111111111111
1 0.07717041800643087 0.29012345679012347 0.07717041800643087 0.09876543209876543
1 0.1720257234726688 0.2962962962962963 0.04180064308681672 0.12345679012345678
1 0.2170418006430868 0.30246913580246915 0.05466237942122187 0.14814814814814814
1 0.3520900321543408 0.3148148148148148 0.06752411575562701 0.18518518518518517
1 0.40353697749196143 0.31790123456790126 0.09967845659163987 0.11728395061728394
1 0.0594855305466238 0.32098765432098764 0.1189710610932476 0.14814814814814814
1 0.43585209003215436 0.32407407407407407 0.05787781350482315 0.24074074074074073
1 0.12540192926045016 0.3395061728395062 0.02572347266881029 0.07407407407407407
1 0.5064308681672026 0.35185185185185186 0.06752411575562701 0.2222222222222222
1 0.05144694533762058 0.3549382716049383 0.06430868167202572 0.08024691358024691
1 0.27813504823151125 0.37962962962962965 0.03536977491961415 0.2654320987654321
0 0.07717041800643087 0.3950617283950617 0.15434083601286175 0.345679012345679
0 0.22508038585209003 0.39814814814814814 0.17363344051446947 0.3888888888888889
0 0.4294212218649518 0.4074074074074074 0.22508038585209003 0.43209876543209874
1 0.3762057877813505 0.4783950617283951 0.06430868167202572 0.11728395061728394
1 0.6093247588424437 0.5154320987654321 0.09967845659163987 0.10493827160493827
1 0.8665594855305466 0.5308641975308642 0.07395498392282958 0.13580246913580246
1 0.48231511254019294 0.558641975308642 0.07717041800643087 0.19135802469135801
1 0.7797427652733119 0.5925925925925926 0.12540192926045016 0.20987654320987653
1 0.15755627009646303 0.6018518518518519 0.1157556270096463 0.15432098765432098