1 0.32166666666666666 0.6845238095238095 0.06333333333333334 0.11904761904761904
1 0.44666666666666666 0.7589285714285714 0.08 0.1130952380952381
1 0.36 0.8095238095238095 0.04 0.07142857142857142
1 0.39666666666666667 0.8244047619047619 0.34 0.35119047619047616
1 0.54 0.8273809523809523 0.06 0.11904761904761904
1 0.695 0.8303571428571429 0.23 0.3392857142857143
1 0.7616666666666667 0.8333333333333334 0.08333333333333333 0.14285714285714285
1 0.5616666666666666 0.9345238095238095 0.13666666666666666 0.10714285714285714
1 0.25666666666666665 0.9702380952380952 0.12666666666666668 0.05952380952380952
1 0.5683333333333334 0.43154761904761907 0.08333333333333333 0.07738095238095238
0 0.565 0.5892857142857143 0.11666666666666667 0.27380952380952384