1 0.7491961414790996 0.6975308641975309 0.14790996784565916 0.2222222222222222
1 0.8938906752411575 0.7469135802469136 0.12861736334405144 0.1728395061728395
1 0.342443729903537 0.7530864197530864 0.6463022508038585 0.4691358024691358
1 0.8327974276527331 0.7777777777777778 0.3215434083601286 0.4444444444444444
1 0.5144694533762058 0.7993827160493827 0.1864951768488746 0.2654320987654321
1 0.9260450160771704 0.8518518518518519 0.14790996784565916 0.18518518518518517
1 0.15112540192926044 0.8518518518518519 0.2315112540192926 0.25925925925925924
1 0.7620578778135049 0.8765432098765432 0.12218649517684887 0.2345679012345679
1 0.3440514469453376 0.8858024691358025 0.12861736334405144 0.22839506172839505
1 0.3279742765273312 0.10493827160493827 0.1157556270096463 0.12345679012345678
1 0.5 0.11728395061728394 0.5176848874598071 0.1728395061728395
1 0.45980707395498394 0.12345679012345678 0.07717041800643087 0.1728395061728395
1 0.6559485530546624 0.15432098765432098 0.17363344051446947 0.18518518518518517
0 0.2684887459807074 0.3549382716049383 0.15112540192926044 0.3888888888888889
0 0.747588424437299 0.41975308641975306 0.06752411575562701 0.38271604938271603
0 0.5176848874598071 0.43209876543209874 0.37942122186495175 0.43209876543209874