1 0.356 0.4647887323943662 0.092 0.07645875251509054
1 0.464 0.4959758551307847 0.064 0.06639839034205232
1 0.378 0.5 0.228 0.16297786720321933
1 0.322 0.5070422535211268 0.088 0.060362173038229376
1 0.446 0.5382293762575453 0.092 0.04627766599597585
1 0.315 0.545271629778672 0.09 0.07645875251509054
1 0.418 0.5774647887323944 0.08 0.03621730382293763
0 0.384 0.6961770623742455 0.228 0.23340040241448692
0 0.37977999999999995 0.7190945674044266 0.252 0.323943661971831
1 0.307 0.858148893360161 0.038 0.06237424547283702
1 0.236 0.8712273641851107 0.076 0.06438631790744467
1 0.401 0.8752515090543259 0.098 0.12474849094567404
1 0.478 0.8983903420523138 0.264 0.20321931589537223
1 0.51 0.9074446680080482 0.172 0.1851106639839034
1 0.226 0.9084507042253521 0.268 0.18309859154929578
1 0.249 0.9416498993963782 0.222 0.11670020120724346