1 0.31416666666666665 0.5075757575757576 0.035 0.07575757575757576
1 0.8491666666666666 0.5568181818181818 0.07166666666666667 0.2196969696969697
1 0.7158333333333333 0.5795454545454546 0.13166666666666665 0.25
1 0.4375 0.6098484848484849 0.11833333333333333 0.21212121212121213
1 0.5758333333333333 0.6193181818181818 0.06166666666666667 0.13257575757575757
1 0.3525 0.6325757575757576 0.041666666666666664 0.12121212121212122
1 0.6025 0.6571969696969697 0.6383333333333333 0.6818181818181818
1 0.3983333333333333 0.7481060606060606 0.02 0.20833333333333334
1 0.805 0.7935606060606061 0.03666666666666667 0.16287878787878787
1 0.4725 0.8162878787878788 0.06833333333333333 0.2159090909090909
1 0.7983333333333333 0.8257575757575758 0.07333333333333333 0.21212121212121213
1 0.4483333333333333 0.8598484848484849 0.05333333333333334 0.12878787878787878
1 0.5783333333333334 0.8806818181818182 0.14 0.23863636363636365
1 0.5708333333333333 0.35795454545454547 0.09833333333333333 0.07196969696969698
1 0.46166666666666667 0.35984848484848486 0.03333333333333333 0.06818181818181818