1 0.5064102564102564 0.39596273291925466 0.19230769230769232 0.059006211180124224
1 0.7564102564102564 0.39751552795031053 0.21794871794871795 0.049689440993788817
0 0.7371794871794872 0.4518633540372671 0.34615384615384615 0.07142857142857142
0 0.4807692307692308 0.45652173913043476 0.15384615384615385 0.062111801242236024
1 0.40064102564102566 0.5077639751552795 0.08333333333333333 0.034161490683229816
1 0.9487179487179487 0.5139751552795031 0.10256410256410256 0.040372670807453416
1 0.5769230769230769 0.5341614906832298 0.1282051282051282 0.055900621118012424
1 0.21794871794871795 0.5403726708074534 0.14102564102564102 0.043478260869565216
1 0.7788461538461539 0.5419254658385093 0.09615384615384616 0.046583850931677016
1 0.6217948717948718 0.5450310559006211 0.7564102564102564 0.13975155279503104
1 0.8141025641025641 0.5605590062111802 0.23076923076923078 0.09006211180124224
1 0.41346153846153844 0.5605590062111802 0.1346153846153846 0.052795031055900624