1 0.08176100628930817 0.32186732186732187 0.0880503144654088 0.09336609336609336
1 0.3860062893081761 0.35872235872235875 0.08647798742138364 0.16707616707616707
1 0.25235849056603776 0.3820638820638821 0.13679245283018868 0.16953316953316952
1 0.5416666666666666 0.3931203931203931 0.12421383647798742 0.14742014742014742
1 0.2028301886792453 0.6081081081081081 0.3805031446540881 0.18427518427518427
1 0.09119496855345911 0.6081081081081081 0.18238993710691823 0.14987714987714987
1 0.04874213836477988 0.6093366093366094 0.09748427672955975 0.09828009828009827
1 0.3011006289308176 0.6167076167076168 0.14622641509433962 0.11793611793611794
1 0.8026729559748428 0.7297297297297297 0.08962264150943396 0.08353808353808354
1 0.9276729559748428 0.730958230958231 0.0660377358490566 0.10565110565110565
1 0.9316037735849056 0.730958230958231 0.13679245283018868 0.19901719901719903
1 0.2696540880503145 0.7641277641277642 0.10220125786163523 0.13267813267813267
1 0.7020440251572327 0.7641277641277642 0.1179245283018868 0.1375921375921376
1 0.8404088050314465 0.8525798525798526 0.3191823899371069 0.29484029484029484
1 0.5888364779874213 0.85995085995086 0.10220125786163523 0.16216216216216217
1 0.9268867924528302 0.8759213759213759 0.12106918238993711 0.11547911547911548
1 0.4724842767295597 0.9299754299754299 0.07389937106918239 0.06633906633906633
1 0.24213836477987422 0.941031941031941 0.13522012578616352 0.11793611793611794