1 0.2381818181818182 0.5706521739130435 0.03272727272727273 0.05434782608695652
1 0.16545454545454547 0.5896739130434783 0.09090909090909091 0.059782608695652176
1 0.4072727272727273 0.595108695652174 0.03636363636363636 0.08152173913043478
1 0.49454545454545457 0.5978260869565217 0.08727272727272728 0.10869565217391304
1 0.22727272727272727 0.6114130434782609 0.16363636363636364 0.15760869565217392
1 0.6854545454545454 0.6195652173913043 0.07636363636363637 0.10869565217391304
1 0.5818181818181818 0.6331521739130435 0.07272727272727272 0.09239130434782608
1 0.26181818181818184 0.6358695652173914 0.05090909090909091 0.06521739130434782
1 0.33636363636363636 0.6467391304347826 0.10545454545454545 0.10869565217391304
1 0.3618181818181818 0.6521739130434783 0.05454545454545454 0.06521739130434782
1 0.5072727272727273 0.6766304347826086 0.09818181818181818 0.10326086956521739
1 0.4218181818181818 0.6820652173913043 0.04363636363636364 0.09239130434782608
1 0.4818181818181818 0.7119565217391305 0.05454545454545454 0.06521739130434782
1 0.5927272727272728 0.7255434782608695 0.07272727272727272 0.15760869565217392
1 0.6818181818181818 0.7418478260869565 0.11272727272727273 0.08152173913043478
1 0.5127272727272727 0.7880434782608695 0.10181818181818182 0.07608695652173914
1 0.49636363636363634 0.2798913043478261 0.2581818181818182 0.1358695652173913
1 0.5636363636363636 0.3070652173913043 0.10909090909090909 0.09239130434782608
1 0.39454545454545453 0.3125 0.05454545454545454 0.059782608695652176
1 0.5381818181818182 0.37771739130434784 0.07272727272727272 0.09239130434782608
1 0.43636363636363634 0.3858695652173913 0.06545454545454546 0.06521739130434782
1 0.4818181818181818 0.3858695652173913 0.01818181818181818 0.06521739130434782
0 0.4763636363636364 0.4782608695652174 0.26181818181818184 0.2717391304347826
1 0.22181818181818183 0.4782608695652174 0.04363636363636364 0.11956521739130435
1 0.7890909090909091 0.483695652173913 0.10909090909090909 0.08695652173913043
1 0.3054545454545455 0.5081521739130435 0.08 0.08152173913043478
1 0.30727272727272725 0.5081521739130435 0.11272727272727273 0.15760869565217392