1 0.5334448160535117 0.6220238095238095 0.043478260869565216 0.07738095238095238
1 0.19230769230769232 0.7113095238095238 0.19732441471571907 0.19642857142857142
1 0.32274247491638797 0.7470238095238095 0.03678929765886288 0.16071428571428573
1 0.7675585284280937 0.7648809523809523 0.10367892976588629 0.13690476190476192
1 0.7230769230769231 0.7738095238095238 0.22073578595317725 0.2261904761904762
1 0.774247491638796 0.7916666666666666 0.07692307692307693 0.08333333333333333
1 0.6872909698996655 0.8125 0.07692307692307693 0.10119047619047619
1 0.46321070234113715 0.8214285714285714 0.07023411371237458 0.10714285714285714
1 0.5585284280936454 0.8720238095238095 0.07357859531772576 0.18452380952380953
1 0.5451505016722408 0.8898809523809523 0.2608695652173913 0.22023809523809523
1 0.25585284280936454 0.8988095238095238 0.24414715719063546 0.19047619047619047
1 0.4682274247491639 0.9404761904761905 0.07357859531772576 0.09523809523809523
1 0.31270903010033446 0.9404761904761905 0.08361204013377926 0.09523809523809523
1 0.205685618729097 0.9494047619047619 0.043478260869565216 0.07738095238095238
1 0.5953177257525084 0.40773809523809523 0.06020066889632107 0.06547619047619048
0 0.5953177257525084 0.4642857142857143 0.0802675585284281 0.35714285714285715
0 0.49498327759197325 0.4791666666666667 0.08695652173913043 0.3869047619047619
0 0.5919732441471572 0.5148809523809523 0.07357859531772576 0.23214285714285715
0 0.4983277591973244 0.5267857142857143 0.07357859531772576 0.25595238095238093