1 0.9325842696629213 0.5370370370370371 0.1348314606741573 0.18518518518518517
1 0.8370786516853933 0.5396825396825397 0.07116104868913857 0.2328042328042328
1 0.7546816479400749 0.5529100529100529 0.16104868913857678 0.30158730158730157
1 0.6835205992509363 0.5952380952380952 0.21348314606741572 0.31216931216931215
1 0.5767790262172284 0.6031746031746031 0.1348314606741573 0.328042328042328
1 0.37453183520599254 0.6878306878306878 0.15730337078651685 0.31746031746031744
1 0.4288389513108614 0.8333333333333334 0.13857677902621723 0.13227513227513227
1 0.1348314606741573 0.8386243386243386 0.11235955056179775 0.07936507936507936
1 0.704119850187266 0.16666666666666666 0.15730337078651685 0.08994708994708994
1 0.6123595505617978 0.2037037037037037 0.10861423220973783 0.10052910052910052
1 0.5355805243445693 0.21164021164021163 0.09737827715355805 0.1164021164021164
1 0.39325842696629215 0.22486772486772486 0.11235955056179775 0.164021164021164
1 0.49250936329588013 0.24603174603174602 0.06367041198501873 0.07936507936507936
1 0.7378277153558053 0.25925925925925924 0.11235955056179775 0.12698412698412698
1 0.2883895131086142 0.26455026455026454 0.11235955056179775 0.14814814814814814
1 0.1891385767790262 0.2962962962962963 0.16104868913857678 0.13756613756613756
0 0.6273408239700374 0.35185185185185186 0.2883895131086142 0.2698412698412698
1 0.552434456928839 0.43386243386243384 0.04868913857677903 0.08465608465608465
1 0.6853932584269663 0.4417989417989418 0.0449438202247191 0.08994708994708994
1 0.6310861423220974 0.46296296296296297 0.07865168539325842 0.08994708994708994
0 0.30711610486891383 0.46296296296296297 0.3295880149812734 0.6296296296296297