1 0.33204633204633205 0.5335051546391752 0.10038610038610038 0.10824742268041238
1 0.6776061776061776 0.5360824742268041 0.11969111969111969 0.12371134020618557
1 0.2722007722007722 0.5541237113402062 0.06563706563706563 0.0979381443298969
1 0.21621621621621623 0.6288659793814433 0.06177606177606178 0.08247422680412371
1 0.43822393822393824 0.6314432989690721 0.09652509652509653 0.20103092783505155
1 0.3359073359073359 0.6391752577319587 0.07722007722007722 0.10309278350515463
1 0.693050193050193 0.6907216494845361 0.18146718146718147 0.29896907216494845
1 0.11003861003861004 0.7087628865979382 0.07335907335907337 0.05670103092783505
1 0.20463320463320464 0.7164948453608248 0.08494208494208494 0.09278350515463918
1 0.5405405405405406 0.7190721649484536 0.12355212355212356 0.25257731958762886
1 0.30115830115830117 0.7345360824742269 0.10810810810810811 0.0979381443298969
1 0.23745173745173745 0.8247422680412371 0.03474903474903475 0.07216494845360824
1 0.6196911196911197 0.8479381443298969 0.05019305019305019 0.13917525773195877
1 0.4111969111969112 0.8634020618556701 0.26640926640926643 0.23195876288659795
1 0.749034749034749 0.10824742268041238 0.12355212355212356 0.15463917525773196
1 0.6583011583011583 0.13144329896907217 0.07335907335907337 0.05670103092783505
1 0.583011583011583 0.17010309278350516 0.04633204633204633 0.07216494845360824
1 0.6525096525096525 0.18041237113402062 0.10810810810810811 0.061855670103092786
0 0.6872586872586872 0.31443298969072164 0.3088803088803089 0.18556701030927836
0 0.696911196911197 0.38144329896907214 0.2972972972972973 0.3402061855670103
1 0.5482625482625483 0.46649484536082475 0.138996138996139 0.13917525773195877
1 0.4305019305019305 0.4896907216494845 0.06563706563706563 0.10309278350515463
1 0.5347490347490348 0.5128865979381443 0.11969111969111969 0.12886597938144329