1 0.5672727272727273 0.644808743169399 0.10181818181818182 0.17486338797814208
1 0.4072727272727273 0.6475409836065574 0.14545454545454545 0.23497267759562843
1 0.52 0.674863387978142 0.13090909090909092 0.1366120218579235
1 0.6145454545454545 0.7240437158469946 0.12363636363636364 0.18032786885245902
1 0.7618181818181818 0.7923497267759563 0.45454545454545453 0.41530054644808745
1 0.8472727272727273 0.8360655737704918 0.08727272727272728 0.18579234972677597
1 0.6272727272727273 0.8825136612021858 0.2290909090909091 0.18032786885245902
1 0.9527272727272728 0.907103825136612 0.08 0.13114754098360656
1 0.5854545454545454 0.27049180327868855 0.10181818181818182 0.07103825136612021
1 0.5981818181818181 0.34153005464480873 0.09818181818181818 0.10382513661202186
1 0.8072727272727273 0.3633879781420765 0.05090909090909091 0.10382513661202186
1 0.6072727272727273 0.4344262295081967 0.10909090909090909 0.12568306010928962
1 0.8945454545454545 0.48633879781420764 0.17454545454545456 0.15300546448087432