1 0.6716666666666666 0.8065476190476191 0.10333333333333333 0.06547619047619048
1 0.3416666666666667 0.8511904761904762 0.10333333333333333 0.23809523809523808
1 0.3383333333333333 0.8779761904761905 0.08333333333333333 0.20833333333333334
1 0.23333333333333334 0.8958333333333334 0.09333333333333334 0.125
1 0.20333333333333334 0.9345238095238095 0.10666666666666667 0.13095238095238096
1 0.8766666666666667 0.9357738095238096 0.24666666666666667 0.125
1 0.7916666666666666 0.9404761904761905 0.06333333333333334 0.07142857142857142
1 0.46166666666666667 0.9583333333333334 0.23 0.08333333333333333
1 0.07833333333333334 0.9583333333333334 0.14333333333333334 0.08333333333333333
1 0.6316666666666667 0.9702380952380952 0.13 0.05952380952380952
1 0.5033333333333333 0.19047619047619047 0.06 0.09523809523809523
1 0.43833333333333335 0.23809523809523808 0.12333333333333334 0.14285714285714285
1 0.9166666666666666 0.23809523809523808 0.16666666666666666 0.20238095238095238
1 0.715 0.2648809523809524 0.0033333333333333335 0.005952380952380952
1 0.825 0.29464285714285715 0.10333333333333333 0.125
1 0.5602 0.3057142857142857 0.16333333333333333 0.1488095238095238
1 0.43333333333333335 0.34226190476190477 0.06666666666666667 0.06547619047619048
1 0.54 0.3482142857142857 0.11333333333333333 0.1130952380952381
1 0.5316666666666666 0.4375 0.09 0.1130952380952381
0 0.135 0.5476190476190477 0.27 0.5833333333333334
0 0.5483333333333333 0.5535714285714286 0.45 0.75
0 0.845 0.5684523809523809 0.31 0.6488095238095238