0 0.5463917525773195 0.4671814671814672 0.41237113402061853 0.20077220077220076
0 0.5567010309278351 0.5424710424710425 0.422680412371134 0.38996138996138996
0 0.6572164948453608 0.5501930501930502 0.20103092783505155 0.3281853281853282
1 0.30670103092783507 0.583011583011583 0.10824742268041238 0.11583011583011583
1 0.22938144329896906 0.6351351351351351 0.12886597938144329 0.05019305019305019
1 0.2757731958762887 0.6833976833976834 0.34536082474226804 0.3166023166023166
1 0.8015463917525774 0.7123552123552124 0.0979381443298969 0.08108108108108109
1 0.3118556701030928 0.7374517374517374 0.0979381443298969 0.13127413127413126
1 0.18298969072164947 0.7451737451737451 0.10824742268041238 0.15444015444015444
1 0.46649484536082475 0.7799227799227799 0.15979381443298968 0.08494208494208494
1 0.6288659793814433 0.30115830115830117 0.1134020618556701 0.0694980694980695
1 0.5927835051546392 0.3030888030888031 0.35051546391752575 0.15057915057915058
1 0.5077319587628866 0.3127413127413127 0.10824742268041238 0.05405405405405406
1 0.6984536082474226 0.3474903474903475 0.0979381443298969 0.0694980694980695