0 0.4045138888888889 0.62 0.2048611111111111 0.2342857142857143
1 0.9635416666666666 0.6771428571428572 0.06597222222222222 0.09714285714285714
1 0.7916666666666666 0.6942857142857143 0.0763888888888889 0.12
1 0.8628472222222222 0.6942857142857143 0.06597222222222222 0.06285714285714286
1 0.18055555555555555 0.7057142857142857 0.09027777777777778 0.12
1 0.5711805555555556 0.72 0.11458333333333333 0.29714285714285715
1 0.7239583333333334 0.74 0.10069444444444445 0.07428571428571429
1 0.546875 0.7428571428571429 0.08680555555555555 0.12571428571428572
1 0.3645833333333333 0.7657142857142857 0.05555555555555555 0.06857142857142857
1 0.4253472222222222 0.7742857142857142 0.052083333333333336 0.10857142857142857
1 0.4340277777777778 0.7914285714285715 0.18055555555555555 0.13142857142857142
1 0.6545138888888888 0.7914285714285715 0.0798611111111111 0.1657142857142857
1 0.6909722222222222 0.3742857142857143 0.0763888888888889 0.04
1 0.6909722222222222 0.38 0.1736111111111111 0.09714285714285714
1 0.4114583333333333 0.4085714285714286 0.1840277777777778 0.10857142857142857
1 0.3767361111111111 0.4342857142857143 0.059027777777777776 0.05714285714285714
0 0.3993055555555556 0.5057142857142857 0.2152777777777778 0.46285714285714286
0 0.6822916666666666 0.5571428571428572 0.2326388888888889 0.26857142857142857