1 0.6295833333333334 0.19 0.12416666666666666 0.105
1 0.57125 0.216875 0.4325 0.18875
1 0.5016666666666667 0.243125 0.12166666666666667 0.13625
1 0.48791666666666667 0.29625 0.0725 0.07
1 0.44 0.343125 0.051666666666666666 0.13625
1 0.4379166666666667 0.3475 0.0475 0.13
1 0.43291666666666667 0.49 0.07083333333333333 0.1075
1 0.5645833333333333 0.49625 0.15583333333333332 0.1575
1 0.35625 0.51125 0.03916666666666667 0.0625
1 0.87625 0.529375 0.04583333333333333 0.05375
1 0.71125 0.5525 0.1025 0.1625
1 0.27125 0.561875 0.09083333333333334 0.17625
1 0.19708333333333333 0.595625 0.14916666666666667 0.13625
1 0.84 0.613125 0.12666666666666668 0.15375
1 0.915 0.624375 0.11 0.06375
1 0.21833333333333332 0.778125 0.43666666666666665 0.35625
1 0.19208333333333333 0.784375 0.1325 0.19375
1 0.8304166666666667 0.786875 0.10416666666666667 0.14625
1 0.7320833333333333 0.795 0.06916666666666667 0.16
1 0.185 0.8175 0.37 0.315
1 0.6120833333333333 0.84125 0.19416666666666665 0.18
1 0.04541666666666667 0.9225 0.09083333333333334 0.135