1 0.5798969072164949 0.43243243243243246 0.14948453608247422 0.05405405405405406
1 0.3479381443298969 0.47104247104247104 0.10824742268041238 0.08494208494208494
1 0.6443298969072165 0.4768339768339768 0.6907216494845361 0.1274131274131274
1 0.07474226804123711 0.5675675675675675 0.11855670103092783 0.0694980694980695
1 0.47164948453608246 0.6274131274131274 0.13917525773195877 0.0888030888030888
1 0.729381443298969 0.6293436293436293 0.30412371134020616 0.09266409266409266
1 0.9536082474226805 0.7065637065637066 0.09278350515463918 0.05405405405405406
1 0.4690721649484536 0.09845559845559845 0.18556701030927836 0.1583011583011583
1 0.6185567010309279 0.1138996138996139 0.14432989690721648 0.06563706563706563
1 0.47680412371134023 0.11583011583011583 0.6443298969072165 0.10810810810810811
1 0.7396907216494846 0.11969111969111969 0.10824742268041238 0.08494208494208494
1 0.22164948453608246 0.13127413127413126 0.1958762886597938 0.10038610038610038
1 0.9510309278350515 0.34555984555984554 0.0979381443298969 0.08108108108108109
1 0.8505154639175257 0.35135135135135137 0.10309278350515463 0.0694980694980695
1 0.06443298969072164 0.36486486486486486 0.0979381443298969 0.1891891891891892
1 0.904639175257732 0.3745173745173745 0.19072164948453607 0.2084942084942085