1 0.5836431226765799 0.5721925133689839 0.14869888475836432 0.13903743315508021
0 0.2695167286245353 0.7032085561497327 0.48698884758364314 0.5935828877005348
1 0.5892193308550185 0.7112299465240641 0.137546468401487 0.13903743315508021
1 0.6022304832713755 0.7540106951871658 0.23048327137546468 0.21390374331550802
1 0.5148698884758365 0.893048128342246 0.21189591078066913 0.1711229946524064
1 0.7397769516728625 0.18181818181818182 0.08921933085501858 0.0748663101604278
1 0.7100371747211895 0.19518716577540107 0.12639405204460966 0.10160427807486631
1 0.3550185873605948 0.2192513368983957 0.1821561338289963 0.24598930481283424
0 0.6672862453531598 0.24866310160427807 0.21189591078066913 0.24064171122994651
1 0.3215613382899628 0.26737967914438504 0.30855018587360594 0.3422459893048128
1 0.2992565055762082 0.2994652406417112 0.21189591078066913 0.26737967914438504
1 0.7267657992565055 0.4197860962566845 0.11524163568773234 0.18716577540106952
0 0.5440148698884758 0.42802139037433157 0.1449814126394052 0.5133689839572193
1 0.6412639405204461 0.46524064171123 0.11524163568773234 0.18181818181818182
0 0.27598513011152415 0.516042780748663 0.4758364312267658 0.9679144385026738
1 0.7397769516728625 0.5294117647058824 0.31226765799256506 0.3850267379679144